72
Homo_sapiens__PREDICTED__Homo_sapiens_zinc_finger_protein_648__ZNF648___transcript_variant_X3__mRNA                             0.0000000 0.0617416 0.0061749 0.0061639 0.0186619 0.0189608 0.0275366 0.0251390 0.0249279 0.0430162 0.0441461 0.0713657 0.1070889 0.0687713 0.0521999 0.0513740 0.0693093 0.0717962 0.0717526 0.0739937 0.0736657 0.0851349 0.0873439 0.0757759 0.0737784 0.1073655 0.0738405 0.0725024 0.1330240 0.1671142 0.3200399 0.3173106 0.1440393 0.1395700 0.1816032 0.1733605 0.1816032 0.1112058 0.1353089 0.1457893 0.1837080 0.1893945 0.1865652 0.3183627 0.1874521 0.2863472 0.2413478 0.2215418 0.1829687 0.1959759 0.1986182 0.2428885 0.2805230 0.2224804 0.2323990 0.1966362 0.3398277 0.3365677 0.3682812 0.1800002 0.3008129 0.2147519 0.3640703 0.2167352 0.1948599 0.2181766 0.1751135 0.2299780 0.2962401 0.2959409 0.2236675 0.3159459 
Homo_sapiens__PREDICTED__Homo_sapiens_zinc_finger_protein_648__ZNF648___transcript_variant_X2__mRNA                             0.0617416 0.0000000 0.0103374 0.0103189 0.0184514 0.0187513 0.0273583 0.0246441 0.1170862 0.0428973 0.0440319 0.2335863 0.2107670 0.0687557 0.0523411 0.0560912 0.1973150 0.0717930 0.2186417 0.0739996 0.0736703 0.0772896 0.1476850 0.0897359 0.1359438 0.2080793 0.0741754 0.0725071 0.3889436 0.4674943 0.5753180 0.5754422 0.2697902 0.2698516 0.2860220 0.3035111 0.3120404 0.3620748 0.1353089 0.1457893 0.1837080 0.1893945 0.1865652 0.4988363 0.1874521 0.2689028 0.2683970 0.2247644 0.1830888 0.1959759 0.1986182 0.2428885 0.2805230 0.2224804 0.2323990 0.1966362 0.3732604 0.3732842 0.4107687 0.1800002 0.3185569 0.2238047 0.3739570 0.2167352 0.1948599 0.2181766 0.1751135 0.2299780 0.3200200 0.3260497 0.2236675 0.2925390 
Homo_sapiens__Homo_sapiens_zinc_finger_protein_648__mRNA__cDNA_clone_MGC_168844_IMAGE_9021221___complete_cds                    0.0061749 0.0103374 0.0000000 0.0000010 0.0000010 0.0002911 0.0082488 0.0058692 0.0058751 0.0237633 0.0240128 0.0463608 0.0590441 0.0482410 0.0487997 0.0487698 0.0475202 0.0509284 0.0496755 0.0534942 0.0531640 0.0638798 0.0638798 0.0535941 0.0535941 0.0619562 0.0529640 0.0522801 0.0996431 0.1428560 0.1640830 0.1613492 0.1440393 0.1008178 0.1428560 0.1346805 0.1428560 0.0797580 0.1353089 0.1457893 0.1837080 0.1893945 0.1865652 0.2277230 0.1874521 0.2299033 0.2053527 0.2225739 0.1830888 0.1959759 0.1986182 0.2428885 0.2805230 0.2224804 0.2323990 0.1966362 0.2978500 0.2971769 0.3132465 0.1800002 0.2738388 0.1889377 0.3319269 0.2167352 0.1948599 0.2181766 0.1751135 0.2299780 0.2569027 0.2565670 0.2236675 0.2677101 
Homo_sapiens__Homo_sapiens_zinc_finger_protein_648__mRNA__cDNA_clone_MGC_168843_IMAGE_9021220___complete_cds                    0.0061639 0.0103189 0.0000010 0.0000000 0.0000010 0.0002906 0.0082340 0.0058588 0.0058646 0.0240271 0.0242757 0.0463608 0.0592639 0.0484749 0.0490354 0.0490054 0.0477547 0.0511589 0.0499080 0.0537209 0.0533912 0.0640932 0.0640932 0.0538211 0.0538211 0.0621726 0.0531919 0.0525089 0.0996431 0.1428560 0.1640830 0.1613492 0.1440393 0.1008178 0.1428560 0.1346805 0.1428560 0.0797580 0.1353089 0.1457893 0.1837080 0.1893945 0.1865652 0.2277230 0.1874521 0.2299033 0.2053527 0.2225739 0.1830888 0.1959759 0.1986182 0.2428885 0.2805230 0.2224804 0.2323990 0.1966362 0.2978500 0.2971769 0.3132465 0.1800002 0.2736710 0.1889377 0.3321801 0.2167352 0.1948599 0.2181766 0.1751135 0.2299780 0.2569027 0.2565670 0.2236675 0.2677101 
Homo_sapiens__Homo_sapiens_zinc_finger_protein_648__ZNF648___mRNA                                                               0.0186619 0.0184514 0.0000010 0.0000010 0.0000000 0.0002742 0.0083165 0.0060749 0.0060810 0.0234705 0.0240012 0.0454703 0.0752839 0.0479967 0.0498195 0.0492734 0.0476129 0.0508344 0.0493484 0.0529382 0.0526279 0.0774083 0.0803831 0.0527964 0.0527053 0.0785517 0.0533669 0.0521058 0.0964675 0.1382458 0.1986688 0.1964710 0.1440393 0.0983628 0.1382458 0.1304922 0.1382458 0.0775012 0.1353089 0.1457893 0.1837080 0.1893945 0.1865652 0.2697134 0.1874521 0.2726790 0.2012349 0.2225739 0.1838220 0.1959759 0.1986182 0.2428885 0.2805230 0.2224804 0.2323990 0.1966362 0.2867796 0.2861419 0.3467180 0.1800002 0.2687514 0.1896094 0.3307983 0.2167352 0.1948599 0.2181766 0.1751135 0.2299780 0.2486082 0.2482803 0.2236675 0.3026982 
Homo_sapiens__Homo_sapiens_cDNA_FLJ46813_fis__clone_TRACH3036750__weakly__similar_to_Zinc_finger_protein_135                    0.0189608 0.0187513 0.0002911 0.0002906 0.0002742 0.0000000 0.0086009 0.0063563 0.0063627 0.0237735 0.0242901 0.0454703 0.0756577 0.0483319 0.0501690 0.0496228 0.0479471 0.0511734 0.0496860 0.0532793 0.0529687 0.0777855 0.0807626 0.0531384 0.0530466 0.0789311 0.0537093 0.0524466 0.0964675 0.1382458 0.1986688 0.1964710 0.1440393 0.0983628 0.1382458 0.1304922 0.1382458 0.0775012 0.1353089 0.1457893 0.1837080 0.1893945 0.1865652 0.2697134 0.1874521 0.2726790 0.2012349 0.2225739 0.1838220 0.1959759 0.1986182 0.2428885 0.2805230 0.2224804 0.2323990 0.1966362 0.2867796 0.2861419 0.3467180 0.1800002 0.2694402 0.1896094 0.3315996 0.2167352 0.1948599 0.2181766 0.1751135 0.2299780 0.2486082 0.2482803 0.2236675 0.3026982 
Gorilla_gorilla_gorilla__PREDICTED__Gorilla_gorilla_gorilla_zinc_finger_protein_648__ZNF648___mRNA                              0.0275366 0.0273583 0.0082488 0.0082340 0.0083165 0.0086009 0.0000000 0.0099912 0.0100012 0.0234540 0.0243212 0.0454420 0.0757877 0.0487181 0.0502551 0.0497081 0.0480262 0.0512583 0.0497684 0.0533678 0.0530566 0.0779196 0.0809017 0.0532269 0.0531348 0.0790676 0.0531758 0.0525338 0.0931009 0.1336699 0.1934245 0.1912642 0.1390632 0.0958004 0.1336699 0.1259493 0.1336699 0.0752959 0.1345527 0.1448380 0.1826328 0.1883029 0.1854817 0.2653137 0.1863663 0.2682522 0.2024230 0.2238698 0.1810912 0.1948613 0.1974926 0.2420810 0.2782012 0.2213175 0.2312049 0.1926842 0.2849233 0.2842883 0.3445644 0.1768987 0.2672586 0.1858602 0.3320290 0.2155731 0.1908382 0.2138422 0.1722763 0.2295658 0.2452250 0.2448954 0.2221654 0.2989265 
Pan_paniscus__PREDICTED__Pan_paniscus_zinc_finger_protein_648__ZNF648___mRNA                                                    0.0251390 0.0246441 0.0058692 0.0058588 0.0060749 0.0063563 0.0099912 0.0000000 0.0066308 0.0251963 0.0257694 0.0450598 0.0764415 0.0490246 0.0505578 0.0500112 0.0486376 0.0518751 0.0503842 0.0539863 0.0536747 0.0782488 0.0812313 0.0538471 0.0537539 0.0797276 0.0537954 0.0531524 0.0958538 0.1362272 0.1946676 0.1941525 0.1410678 0.0964847 0.1362272 0.1284908 0.1362272 0.0763663 0.1361979 0.1464982 0.1826760 0.1883476 0.1855256 0.2655595 0.1864105 0.2685014 0.2042236 0.2243968 0.1802814 0.1949078 0.1975401 0.2374122 0.2782997 0.2213424 0.2312187 0.1909786 0.2840309 0.2833960 0.3436418 0.1751654 0.2694504 0.1851908 0.3300949 0.2137780 0.1926847 0.2138821 0.1740734 0.2276657 0.2454691 0.2451394 0.2213598 0.2987329 
Pan_troglodytes__PREDICTED__Pan_troglodytes_zinc_finger_protein_648__ZNF648___mRNA                                              0.0249279 0.1170862 0.0058751 0.0058646 0.0060810 0.0063627 0.0100012 0.0066308 0.0000000 0.0252224 0.0257962 0.0447315 0.1653047 0.0500002 0.0519088 0.0537586 0.0498525 0.0531732 0.0511248 0.0549763 0.0546638 0.0810485 0.1389971 0.0614301 0.0525346 0.1687699 0.0551015 0.0541418 0.0956176 0.1262424 0.3661884 0.3632713 0.2551313 0.2007177 0.2203831 0.2318854 0.2396591 0.0800981 0.1381449 0.1484754 0.1845129 0.1902058 0.1873735 0.3877824 0.1882611 0.2698317 0.2000097 0.2280256 0.1829148 0.1967976 0.1994452 0.2397438 0.2758497 0.2186852 0.2285293 0.1945284 0.2742907 0.2736921 0.3737710 0.1796651 0.2684523 0.1884599 0.3297473 0.2185300 0.1931647 0.2158789 0.1743636 0.2268638 0.2455651 0.2436774 0.2205526 0.2981349 
Pongo_abelii__PREDICTED__Pongo_abelii_zinc_finger_protein_648__ZNF648___mRNA                                                    0.0430162 0.0428973 0.0237633 0.0240271 0.0234705 0.0237735 0.0234540 0.0251963 0.0252224 0.0000000 0.0258006 0.0469773 0.0794907 0.0512345 0.0529048 0.0523590 0.0505349 0.0531413 0.0509940 0.0555681 0.0552555 0.0806771 0.0830034 0.0551532 0.0550576 0.0824770 0.0563213 0.0550772 0.0971017 0.1380481 0.1977528 0.1955630 0.1439920 0.1002003 0.1380481 0.1304594 0.1380481 0.0785661 0.1398445 0.1534752 0.1911578 0.1969304 0.1940593 0.2769619 0.1949573 0.2799598 0.2091390 0.2313792 0.1875693 0.2036396 0.2072657 0.2507779 0.2792267 0.2206415 0.2314684 0.1992559 0.2835941 0.2829615 0.3415379 0.1844256 0.2702595 0.1937901 0.3358001 0.2227500 0.2009292 0.2212928 0.1753805 0.2326701 0.2539168 0.2535928 0.2245560 0.3042132 
Nomascus_leucogenys__PREDICTED__Nomascus_leucogenys_zinc_finger_protein_648__ZNF648___mRNA                                      0.0441461 0.0440319 0.0240128 0.0242757 0.0240012 0.0242901 0.0243212 0.0257694 0.0257962 0.0258006 0.0000000 0.0435441 0.0750311 0.0468172 0.0485986 0.0480510 0.0458011 0.0471382 0.0475256 0.0501521 0.0498436 0.0754915 0.0781402 0.0503414 0.0502547 0.0772678 0.0508845 0.0502740 0.0953775 0.1374145 0.1985000 0.1963046 0.1446920 0.0994697 0.1374145 0.1296751 0.1374145 0.0763248 0.1380093 0.1524564 0.1935736 0.1993646 0.1964848 0.2756666 0.1973849 0.2786556 0.2033701 0.2257846 0.1879395 0.2051998 0.2088359 0.2507847 0.2805777 0.2235340 0.2344675 0.1990331 0.2808110 0.2801789 0.3400758 0.1821430 0.2660371 0.1891052 0.3365273 0.2252481 0.1969169 0.2238778 0.1742658 0.2362889 0.2511253 0.2507995 0.2287181 0.3057780 
Chlorocebus_sabaeus__PREDICTED__Chlorocebus_sabaeus_zinc_finger_protein_648__ZNF648___mRNA                                      0.0713657 0.2335863 0.0463608 0.0463608 0.0454703 0.0454703 0.0454420 0.0450598 0.0447315 0.0469773 0.0435441 0.0000000 0.1879947 0.0214416 0.0231071 0.0254051 0.0206333 0.0259324 0.0209835 0.0270128 0.0262732 0.0567495 0.1292706 0.0358722 0.0243324 0.1863120 0.0285685 0.0240176 0.1056627 0.1319957 0.4608512 0.4589022 0.2639501 0.2073671 0.2271687 0.2372492 0.2450561 0.0887223 0.1441216 0.1594154 0.1946978 0.2005291 0.1976293 0.4275617 0.1967004 0.2823290 0.2136714 0.2424115 0.1921207 0.2076683 0.2108301 0.2539648 0.2858039 0.2278274 0.2374327 0.2088349 0.2865109 0.2858968 0.3947856 0.1897058 0.2614405 0.1991738 0.2963923 0.2269900 0.1995200 0.2298017 0.1830630 0.2456569 0.2551185 0.2531467 0.2392283 0.3167523 
Papio_anubis__PREDICTED__Papio_anubis_zinc_finger_protein_648__ZNF648___mRNA                                                    0.1070889 0.2107670 0.0590441 0.0592639 0.0752839 0.0756577 0.0757877 0.0764415 0.1653047 0.0794907 0.0750311 0.1879947 0.0000000 0.0302100 0.0109149 0.0117763 0.1334912 0.0546073 0.1360689 0.0557894 0.0554754 0.0352957 0.1083558 0.0486309 0.0954059 0.0085190 0.0552960 0.0338271 0.3638366 0.4417838 0.5274677 0.5086687 0.2808434 0.2980971 0.3167833 0.3299152 0.3393338 0.3420439 0.1546802 0.1697948 0.2070865 0.2130630 0.2100929 0.4941354 0.2091427 0.3016592 0.2986253 0.2473580 0.2018019 0.2191419 0.2223785 0.2657402 0.2938624 0.2366592 0.2473927 0.2136907 0.4067209 0.4059716 0.4335437 0.1958777 0.3487373 0.2357147 0.4006488 0.2364092 0.2096873 0.2407397 0.1880950 0.2445181 0.3482076 0.3523569 0.2373547 0.3353209 
Theropithecus_gelada__PREDICTED__Theropithecus_gelada_zinc_finger_protein_648__ZNF648___mRNA                                    0.0687713 0.0687557 0.0482410 0.0484749 0.0479967 0.0483319 0.0487181 0.0490246 0.0500002 0.0512345 0.0468172 0.0214416 0.0302100 0.0000000 0.0086353 0.0080688 0.0071987 0.0282266 0.0089138 0.0293646 0.0290709 0.0317441 0.0342998 0.0097519 0.0097361 0.0354573 0.0297243 0.0097390 0.1024557 0.1467471 0.2087950 0.2075224 0.1557457 0.1071696 0.1467471 0.1382541 0.1467471 0.0843079 0.1530004 0.1680932 0.2052579 0.2112152 0.2082543 0.2910362 0.2073069 0.2941170 0.2237787 0.2465981 0.1990078 0.2172671 0.2204921 0.2655078 0.2945623 0.2347354 0.2454332 0.2119211 0.2985174 0.2978670 0.3607008 0.1940809 0.2818965 0.1989106 0.3438619 0.2345012 0.2078184 0.2397745 0.1875120 0.2429146 0.2639996 0.2636813 0.2366457 0.3101305 
Macaca_nemestrina__PREDICTED__Macaca_nemestrina_zinc_finger_protein_648__ZNF648___transcript_variant_X3__mRNA                   0.0521999 0.0523411 0.0487997 0.0490354 0.0498195 0.0501690 0.0502551 0.0505578 0.0519088 0.0529048 0.0485986 0.0231071 0.0109149 0.0086353 0.0000000 0.0017121 0.0019864 0.0295762 0.0063001 0.0295394 0.0292349 0.0130294 0.0127267 0.0121200 0.0115524 0.0077905 0.0302184 0.0109723 0.1115498 0.1575121 0.1680787 0.1665459 0.1551781 0.1157313 0.1575656 0.1484264 0.1575656 0.0923106 0.1527212 0.1677851 0.2048730 0.2108163 0.2078624 0.2406028 0.2069171 0.2348502 0.2335734 0.2341391 0.1996607 0.2168523 0.2200693 0.2636467 0.2924727 0.2333337 0.2439881 0.2133209 0.3121169 0.3128098 0.3182034 0.1946277 0.2942263 0.2074452 0.3559165 0.2340501 0.2074208 0.2393089 0.1862494 0.2423010 0.2760357 0.2757089 0.2360435 0.2614073 
Macaca_nemestrina__PREDICTED__Macaca_nemestrina_zinc_finger_protein_648__ZNF648___transcript_variant_X2__mRNA                   0.0513740 0.0560912 0.0487698 0.0490054 0.0492734 0.0496228 0.0497081 0.0500112 0.0537586 0.0523590 0.0480510 0.0254051 0.0117763 0.0080688 0.0017121 0.0000000 0.0036947 0.0290195 0.0086097 0.0289833 0.0286786 0.0115760 0.0115760 0.0121407 0.0109873 0.0092174 0.0296615 0.0104067 0.1176599 0.1648305 0.1670068 0.1701575 0.1544767 0.1147919 0.1567584 0.1475930 0.1567584 0.0983206 0.1527212 0.1677851 0.2048730 0.2108163 0.2078624 0.2345874 0.2069171 0.2272175 0.2338449 0.2300953 0.1996607 0.2168523 0.2200693 0.2636467 0.2924727 0.2333337 0.2439881 0.2133209 0.3131944 0.3124945 0.3168306 0.1946277 0.2939531 0.2071864 0.3557523 0.2340501 0.2074208 0.2393089 0.1862494 0.2423010 0.2755871 0.2752590 0.2360435 0.2629214 
Macaca_nemestrina__PREDICTED__Macaca_nemestrina_zinc_finger_protein_648__ZNF648___transcript_variant_X1__mRNA                   0.0693093 0.1973150 0.0475202 0.0477547 0.0476129 0.0479471 0.0480262 0.0486376 0.0498525 0.0505349 0.0458011 0.0206333 0.1334912 0.0071987 0.0019864 0.0036947 0.0000000 0.0269911 0.0045262 0.0269588 0.0266671 0.0339526 0.0892759 0.0181719 0.0106626 0.1294719 0.0278958 0.0097222 0.1084753 0.1371644 0.4624578 0.4604998 0.2671392 0.2101674 0.2299854 0.2394053 0.2479313 0.0918488 0.1527212 0.1677851 0.2048730 0.2108163 0.2078624 0.4363329 0.2069171 0.2945658 0.2140568 0.2446286 0.1995279 0.2168523 0.2200693 0.2636467 0.2924727 0.2333337 0.2439881 0.2133209 0.2890563 0.2884441 0.3963202 0.1946277 0.2813409 0.2010903 0.3415791 0.2340501 0.2074208 0.2393089 0.1862494 0.2423010 0.2606765 0.2586773 0.2360435 0.3114961 
Piliocolobus_tephrosceles__PREDICTED__Piliocolobus_tephrosceles_zinc_finger_protein_648__ZNF648___mRNA                          0.0717962 0.0717930 0.0509284 0.0511589 0.0508344 0.0511734 0.0512583 0.0518751 0.0531732 0.0531413 0.0471382 0.0259324 0.0546073 0.0282266 0.0295762 0.0290195 0.0269911 0.0000000 0.0279951 0.0159128 0.0156290 0.0543497 0.0569510 0.0303483 0.0302976 0.0567261 0.0130974 0.0306018 0.0991688 0.1433720 0.2063477 0.2050868 0.1527435 0.1039252 0.1433720 0.1342893 0.1433720 0.0804214 0.1470338 0.1572929 0.1977626 0.2027388 0.2016451 0.2822176 0.2016489 0.2852537 0.2235579 0.2469586 0.1905080 0.2095708 0.2127337 0.2589137 0.2849483 0.2250374 0.2360114 0.2090406 0.2975720 0.2969229 0.3588596 0.1897252 0.2874619 0.1985385 0.3537116 0.2256982 0.2020102 0.2283284 0.1799590 0.2402105 0.2615875 0.2612677 0.2339437 0.3124962 
Macaca_fascicularis__PREDICTED__Macaca_fascicularis_zinc_finger_protein_648__ZNF648___mRNA                                      0.0717526 0.2186417 0.0496755 0.0499080 0.0493484 0.0496860 0.0497684 0.0503842 0.0511248 0.0509940 0.0475256 0.0209835 0.1360689 0.0089138 0.0063001 0.0086097 0.0045262 0.0279951 0.0000000 0.0288415 0.0285474 0.0356062 0.0918386 0.0196621 0.0122575 0.1308805 0.0288987 0.0114583 0.1141547 0.1417847 0.4848832 0.4828700 0.2696057 0.2106828 0.2321522 0.2407904 0.2493656 0.0975319 0.1546307 0.1688961 0.2070288 0.2130033 0.2100341 0.4444855 0.2090843 0.2969321 0.2108668 0.2404836 0.1987550 0.2190799 0.2223154 0.2607272 0.2865114 0.2356407 0.2463535 0.2123290 0.2846817 0.2840712 0.3922122 0.1967345 0.2837200 0.1995209 0.3418557 0.2363421 0.2096277 0.2416375 0.1901812 0.2405193 0.2583363 0.2563428 0.2342148 0.3100438 
Rhinopithecus_bieti__PREDICTED__Rhinopithecus_bieti_zinc_finger_protein_648__ZNF648___mRNA                                      0.0739937 0.0739996 0.0534942 0.0537209 0.0529382 0.0532793 0.0533678 0.0539863 0.0549763 0.0555681 0.0501521 0.0270128 0.0557894 0.0293646 0.0295394 0.0289833 0.0269588 0.0159128 0.0288415 0.0000000 0.0021882 0.0561602 0.0587605 0.0320820 0.0320283 0.0575995 0.0190497 0.0317431 0.1046646 0.1486239 0.2123679 0.2110807 0.1585028 0.1097012 0.1486239 0.1394959 0.1486239 0.0853478 0.1522096 0.1616451 0.2034851 0.2085203 0.2074116 0.2892116 0.2074153 0.2922844 0.2251648 0.2486934 0.1962145 0.2154520 0.2186549 0.2630505 0.2925895 0.2304029 0.2395529 0.2137060 0.2993738 0.2987233 0.3608352 0.1962546 0.2890836 0.2029522 0.3574563 0.2335852 0.2059536 0.2323916 0.1837787 0.2403989 0.2651799 0.2655322 0.2332369 0.3138138 
Rhinopithecus_roxellana__PREDICTED__Rhinopithecus_roxellana_zinc_finger_protein_648__ZNF648___mRNA                              0.0736657 0.0736703 0.0531640 0.0533912 0.0526279 0.0529687 0.0530566 0.0536747 0.0546638 0.0552555 0.0498436 0.0262732 0.0554754 0.0290709 0.0292349 0.0286786 0.0266671 0.0156290 0.0285474 0.0021882 0.0000000 0.0558457 0.0584456 0.0317861 0.0317329 0.0572831 0.0187640 0.0314477 0.1030128 0.1473337 0.2109028 0.2096218 0.1570896 0.1084321 0.1473337 0.1382151 0.1473337 0.0837159 0.1505314 0.1599648 0.2034889 0.2085243 0.2074155 0.2892175 0.2074192 0.2922904 0.2240124 0.2474430 0.1944721 0.2154562 0.2186592 0.2622379 0.2899076 0.2284962 0.2376118 0.2119265 0.2967612 0.2961130 0.3579408 0.1944498 0.2890867 0.2012684 0.3563435 0.2335899 0.2040835 0.2304861 0.1837820 0.2422102 0.2631219 0.2634719 0.2350531 0.3158291 
Cercocebus_atys__PREDICTED__Cercocebus_atys_zinc_finger_protein_648__ZNF648___transcript_variant_X4__mRNA                       0.0851349 0.0772896 0.0638798 0.0640932 0.0774083 0.0777855 0.0779196 0.0782488 0.0810485 0.0806771 0.0754915 0.0567495 0.0352957 0.0317441 0.0130294 0.0115760 0.0339526 0.0543497 0.0356062 0.0561602 0.0558457 0.0000000 0.0116922 0.0238731 0.0235707 0.0381772 0.0556647 0.0338382 0.1558651 0.2091489 0.2293810 0.2276492 0.1686946 0.1727235 0.2147024 0.2055148 0.2147024 0.1361295 0.1595828 0.1719441 0.2126354 0.2186934 0.2156836 0.3114092 0.2147213 0.3041816 0.2776162 0.2533609 0.2069366 0.2248786 0.2281635 0.2700643 0.2956565 0.2394387 0.2502563 0.2215898 0.3603528 0.3566566 0.3816752 0.2029358 0.3306115 0.2441830 0.3896846 0.2423144 0.2153696 0.2447806 0.1905662 0.2510647 0.3191716 0.3188888 0.2448100 0.3346232 
Cercocebus_atys__PREDICTED__Cercocebus_atys_zinc_finger_protein_648__ZNF648___transcript_variant_X3__mRNA                       0.0873439 0.1476850 0.0638798 0.0640932 0.0803831 0.0807626 0.0809017 0.0812313 0.1389971 0.0830034 0.0781402 0.1292706 0.1083558 0.0342998 0.0127267 0.0115760 0.0892759 0.0569510 0.0918386 0.0587605 0.0584456 0.0116922 0.0000000 0.0332060 0.0770435 0.1118427 0.0570130 0.0366954 0.2555879 0.3244434 0.3816246 0.3802289 0.2682530 0.2839232 0.3159386 0.3153234 0.3245590 0.2376310 0.1595828 0.1719441 0.2126354 0.2186934 0.2156836 0.4786692 0.2147213 0.3066449 0.3001220 0.2533609 0.2067774 0.2248786 0.2281635 0.2700643 0.2956565 0.2394387 0.2502563 0.2215898 0.3970613 0.3934716 0.4405354 0.2029358 0.3527828 0.2441830 0.4011128 0.2423144 0.2153696 0.2447806 0.1905662 0.2510647 0.3442797 0.3491852 0.2448100 0.3299553 
Cercocebus_atys__PREDICTED__Cercocebus_atys_zinc_finger_protein_648__ZNF648___transcript_variant_X2__mRNA                       0.0757759 0.0897359 0.0535941 0.0538211 0.0527964 0.0531384 0.0532269 0.0538471 0.0614301 0.0551532 0.0503414 0.0358722 0.0486309 0.0097519 0.0121200 0.0121407 0.0181719 0.0303483 0.0196621 0.0320820 0.0317861 0.0238731 0.0332060 0.0000000 0.0059998 0.0502120 0.0318574 0.0117273 0.1197010 0.1650491 0.2388172 0.2374331 0.1797066 0.1288604 0.1682645 0.1600325 0.1686110 0.1013496 0.1595828 0.1719441 0.2126354 0.2186934 0.2156836 0.3279512 0.2147213 0.3025996 0.2275786 0.2502936 0.2069366 0.2248786 0.2281635 0.2700643 0.2956565 0.2394387 0.2502563 0.2215898 0.3060463 0.3053908 0.3705846 0.2029358 0.2900494 0.2088462 0.3515599 0.2423144 0.2153696 0.2447806 0.1905662 0.2510647 0.2678224 0.2675059 0.2448100 0.3185583 
Cercocebus_atys__PREDICTED__Cercocebus_atys_zinc_finger_protein_648__ZNF648___transcript_variant_X1__mRNA                       0.0737784 0.1359438 0.0535941 0.0538211 0.0527053 0.0530466 0.0531348 0.0537539 0.0525346 0.0550576 0.0502547 0.0243324 0.0954059 0.0097361 0.0115524 0.0109873 0.0106626 0.0302976 0.0122575 0.0320283 0.0317329 0.0235707 0.0770435 0.0059998 0.0000000 0.0990458 0.0318040 0.0117081 0.1036387 0.1393268 0.3331561 0.3315141 0.2709081 0.2120138 0.2340784 0.2420426 0.2505990 0.0845691 0.1595828 0.1719441 0.2126354 0.2186934 0.2156836 0.4188014 0.2147213 0.3031280 0.2194974 0.2502936 0.2069366 0.2248786 0.2281635 0.2700643 0.2956565 0.2394387 0.2502563 0.2215898 0.2924440 0.2918274 0.3973096 0.2029358 0.2860119 0.2088462 0.3466209 0.2423144 0.2153696 0.2447806 0.1905662 0.2510647 0.2636840 0.2616576 0.2448100 0.3185583 
Macaca_mulatta__PREDICTED__Macaca_mulatta_zinc_finger_protein_648__ZNF648___mRNA                                                0.1073655 0.2080793 0.0619562 0.0621726 0.0785517 0.0789311 0.0790676 0.0797276 0.1687699 0.0824770 0.0772678 0.1863120 0.0085190 0.0354573 0.0077905 0.0092174 0.1294719 0.0567261 0.1308805 0.0575995 0.0572831 0.0381772 0.1118427 0.0502120 0.0990458 0.0000000 0.0571076 0.0369967 0.3649395 0.4443479 0.5218948 0.5030136 0.2860060 0.3035249 0.3222321 0.3355474 0.3450498 0.3442262 0.1574535 0.1717513 0.2083481 0.2143467 0.2113658 0.4799705 0.2104123 0.3041208 0.2973882 0.2459636 0.2010503 0.2204535 0.2256085 0.2642651 0.2895065 0.2380243 0.2487990 0.2132143 0.4040837 0.4033343 0.4308861 0.1976482 0.3506758 0.2337609 0.4014870 0.2396969 0.2128686 0.2420957 0.1902019 0.2427688 0.3478266 0.3519925 0.2364635 0.3359365 
Colobus_angolensis_palliatus__PREDICTED__Colobus_angolensis_palliatus_zinc_finger_protein_648__ZNF648___mRNA                    0.0738405 0.0741754 0.0529640 0.0531919 0.0533669 0.0537093 0.0531758 0.0537954 0.0551015 0.0563213 0.0508845 0.0285685 0.0552960 0.0297243 0.0302184 0.0296615 0.0278958 0.0130974 0.0288987 0.0190497 0.0187640 0.0556647 0.0570130 0.0318574 0.0318040 0.0571076 0.0000000 0.0321099 0.1044074 0.1481660 0.2097036 0.2084262 0.1558914 0.1085622 0.1481660 0.1396746 0.1481660 0.0855458 0.1534629 0.1619809 0.2040236 0.2090756 0.2079630 0.2880814 0.2079667 0.2911554 0.2287634 0.2533026 0.1946645 0.2150611 0.2182803 0.2649361 0.2916387 0.2317093 0.2428645 0.2148868 0.3016234 0.3009693 0.3613403 0.1955736 0.2899019 0.2040477 0.3530771 0.2332887 0.2050993 0.2316456 0.1866919 0.2486246 0.2687201 0.2684048 0.2414498 0.3208436 
Mandrillus_leucophaeus__PREDICTED__Mandrillus_leucophaeus_zinc_finger_protein_648__ZNF648___mRNA                                0.0725024 0.0725071 0.0522801 0.0525089 0.0521058 0.0524466 0.0525338 0.0531524 0.0541418 0.0550772 0.0502740 0.0240176 0.0338271 0.0097390 0.0109723 0.0104067 0.0097222 0.0306018 0.0114583 0.0317431 0.0314477 0.0338382 0.0366954 0.0117273 0.0117081 0.0369967 0.0321099 0.0000000 0.1046214 0.1492697 0.2123661 0.2110790 0.1592145 0.1096692 0.1492697 0.1415024 0.1492697 0.0875928 0.1566532 0.1718179 0.2111991 0.2172291 0.2142330 0.2973097 0.2132750 0.3004249 0.2282282 0.2508531 0.2046873 0.2233797 0.2257196 0.2705364 0.2925317 0.2339792 0.2446711 0.2156666 0.3001775 0.2995250 0.3610900 0.1978706 0.2890643 0.2041210 0.3512943 0.2393893 0.2097780 0.2441263 0.1942901 0.2468367 0.2697795 0.2694654 0.2405763 0.3157472 
Callithrix_jacchus__PREDICTED__Callithrix_jacchus_zinc_finger_protein_648__ZNF648___mRNA                                        0.1330240 0.3889436 0.0996431 0.0996431 0.0964675 0.0964675 0.0931009 0.0958538 0.0956176 0.0971017 0.0953775 0.1056627 0.3638366 0.1024557 0.1115498 0.1176599 0.1084753 0.0991688 0.1141547 0.1046646 0.1030128 0.1558651 0.2555879 0.1197010 0.1036387 0.3649395 0.1044074 0.1046214 0.0000000 0.0769465 0.4058894 0.4024905 0.2104964 0.1610057 0.1797830 0.1867458 0.1953864 0.0383175 0.1520058 0.1660242 0.1935947 0.2002917 0.1974185 0.4333107 0.1983163 0.2839582 0.2029006 0.2385176 0.1896314 0.2033918 0.2078613 0.2585554 0.3061735 0.2407889 0.2516482 0.2091101 0.2907545 0.2900099 0.4245564 0.1908713 0.2283797 0.1958972 0.2859664 0.2255453 0.2060039 0.2214103 0.1897378 0.2416320 0.2366022 0.2356640 0.2382272 0.3053531 
Aotus_nancymaae__PREDICTED__Aotus_nancymaae_zinc_finger_protein_648__ZNF648___transcript_variant_X6__mRNA                       0.1671142 0.4674943 0.1428560 0.1428560 0.1382458 0.1382458 0.1336699 0.1362272 0.1262424 0.1380481 0.1374145 0.1319957 0.4417838 0.1467471 0.1575121 0.1648305 0.1371644 0.1433720 0.1417847 0.1486239 0.1473337 0.2091489 0.3244434 0.1650491 0.1393268 0.4443479 0.1481660 0.1492697 0.0769465 0.0000000 0.2664645 0.2661825 0.0885171 0.1193239 0.0681756 0.0912671 0.0820996 0.0766269 0.1487817 0.1620196 0.1944062 0.2011373 0.1982495 0.4289039 0.1991517 0.2800191 0.2281221 0.2679379 0.1894224 0.2082666 0.2118790 0.3156263 0.3365534 0.2343310 0.2474502 0.2078646 0.3197355 0.3189013 0.4706154 0.1927969 0.2736949 0.1947015 0.3274320 0.2242742 0.2028273 0.2262250 0.1881775 0.2750912 0.2890011 0.2875899 0.2673727 0.3066728 
Aotus_nancymaae__PREDICTED__Aotus_nancymaae_zinc_finger_protein_648__ZNF648___transcript_variant_X8__mRNA                       0.3200399 0.5753180 0.1640830 0.1640830 0.1986688 0.1986688 0.1934245 0.1946676 0.3661884 0.1977528 0.1985000 0.4608512 0.5274677 0.2087950 0.1680787 0.1670068 0.4624578 0.2063477 0.4848832 0.2123679 0.2109028 0.2293810 0.3816246 0.2388172 0.3331561 0.5218948 0.2097036 0.2123661 0.4058894 0.2664645 0.0000000 0.0070516 0.0790328 0.1719886 0.1128498 0.1374228 0.1264332 0.4034377 0.1487817 0.1620196 0.1944062 0.2011373 0.1982495 0.3521900 0.1991517 0.2902052 0.3418436 0.2454950 0.1895476 0.2082666 0.2118790 0.3156263 0.3365534 0.2343310 0.2474502 0.2078646 0.4615307 0.4604773 0.5074640 0.1927969 0.3762119 0.2269832 0.4254060 0.2242742 0.2028273 0.2262250 0.1881775 0.2750912 0.3894299 0.3945082 0.2673727 0.3136432 
Aotus_nancymaae__PREDICTED__Aotus_nancymaae_zinc_finger_protein_648__ZNF648___transcript_variant_X7__mRNA                       0.3173106 0.5754422 0.1613492 0.1613492 0.1964710 0.1964710 0.1912642 0.1941525 0.3632713 0.1955630 0.1963046 0.4589022 0.5086687 0.2075224 0.1665459 0.1701575 0.4604998 0.2050868 0.4828700 0.2110807 0.2096218 0.2276492 0.3802289 0.2374331 0.3315141 0.5030136 0.2084262 0.2110790 0.4024905 0.2661825 0.0070516 0.0000000 0.0791556 0.1711225 0.1121781 0.1366909 0.1257383 0.4000559 0.1479443 0.1620196 0.1948490 0.2015983 0.1987028 0.3514163 0.1996072 0.2892074 0.3361522 0.2627537 0.1921877 0.2078390 0.2114549 0.3153847 0.3365534 0.2343310 0.2464667 0.2107201 0.4549725 0.4539312 0.5062621 0.1956858 0.3784561 0.2290753 0.4210508 0.2257507 0.2028273 0.2258253 0.1881775 0.2770218 0.3815785 0.3866318 0.2692940 0.3188706 
Aotus_nancymaae__PREDICTED__Aotus_nancymaae_zinc_finger_protein_648__ZNF648___transcript_variant_X5__mRNA                       0.1440393 0.2697902 0.1440393 0.1440393 0.1440393 0.1440393 0.1390632 0.1410678 0.2551313 0.1439920 0.1446920 0.2639501 0.2808434 0.1557457 0.1551781 0.1544767 0.2671392 0.1527435 0.2696057 0.1585028 0.1570896 0.1686946 0.2682530 0.1797066 0.2709081 0.2860060 0.1558914 0.1592145 0.2104964 0.0885171 0.0790328 0.0791556 0.0000000 0.0261271 0.0250214 0.0067233 0.0000010 0.2117835 0.1487817 0.1620196 0.1944062 0.2011373 0.1982495 0.3254985 0.1991517 0.2141973 0.2773706 0.2482670 0.1895476 0.2082666 0.2118790 0.3156263 0.3365534 0.2343310 0.2474502 0.2078646 0.4032541 0.4032541 0.4217336 0.1927969 0.3232789 0.1961019 0.3579715 0.2242742 0.2028273 0.2262250 0.1881775 0.2750912 0.3252587 0.3316477 0.2673727 0.2503698 
Aotus_nancymaae__PREDICTED__Aotus_nancymaae_zinc_finger_protein_648__ZNF648___transcript_variant_X4__mRNA                       0.1395700 0.2698516 0.1008178 0.1008178 0.0983628 0.0983628 0.0958004 0.0964847 0.2007177 0.1002003 0.0994697 0.2073671 0.2980971 0.1071696 0.1157313 0.1147919 0.2101674 0.1039252 0.2106828 0.1097012 0.1084321 0.1727235 0.2839232 0.1288604 0.2120138 0.3035249 0.1085622 0.1096692 0.1610057 0.1193239 0.1719886 0.1711225 0.0261271 0.0000000 0.0514765 0.0243012 0.0243012 0.1586064 0.1487817 0.1620196 0.1944062 0.2011373 0.1982495 0.3876841 0.1991517 0.2800191 0.2304362 0.2325400 0.1894224 0.2082666 0.2118790 0.2623241 0.2872643 0.2343310 0.2474502 0.2078646 0.3339464 0.3330397 0.4443336 0.1927969 0.2550771 0.1947015 0.2955485 0.2242742 0.2028273 0.2262250 0.1881775 0.2652346 0.2629503 0.2687408 0.2664472 0.3066728 
Aotus_nancymaae__PREDICTED__Aotus_nancymaae_zinc_finger_protein_648__ZNF648___transcript_variant_X3__mRNA                       0.1816032 0.2860220 0.1428560 0.1428560 0.1382458 0.1382458 0.1336699 0.1362272 0.2203831 0.1380481 0.1374145 0.2271687 0.3167833 0.1467471 0.1575656 0.1567584 0.2299854 0.1433720 0.2321522 0.1486239 0.1473337 0.2147024 0.3159386 0.1682645 0.2340784 0.3222321 0.1481660 0.1492697 0.1797830 0.0681756 0.1128498 0.1121781 0.0250214 0.0514765 0.0000000 0.0304966 0.0233419 0.1801115 0.1487817 0.1620196 0.1944062 0.2011373 0.1982495 0.3600086 0.1991517 0.2800191 0.2626659 0.2679379 0.1894224 0.2082666 0.2118790 0.3156263 0.3365534 0.2343310 0.2474502 0.2078646 0.3797836 0.3788598 0.4936558 0.1927969 0.3075375 0.1947015 0.3468237 0.2242742 0.2028273 0.2262250 0.1881775 0.2750912 0.3120423 0.3178798 0.2673727 0.3066728 
Aotus_nancymaae__PREDICTED__Aotus_nancymaae_zinc_finger_protein_648__ZNF648___transcript_variant_X2__misc_RNA                   0.1733605 0.3035111 0.1346805 0.1346805 0.1304922 0.1304922 0.1259493 0.1284908 0.2318854 0.1304594 0.1296751 0.2372492 0.3299152 0.1382541 0.1484264 0.1475930 0.2394053 0.1342893 0.2407904 0.1394959 0.1382151 0.2055148 0.3153234 0.1600325 0.2420426 0.3355474 0.1396746 0.1415024 0.1867458 0.0912671 0.1374228 0.1366909 0.0067233 0.0243012 0.0304966 0.0000000 0.0062849 0.1891107 0.1487817 0.1620196 0.1944062 0.2011373 0.1982495 0.3876841 0.1991517 0.2800191 0.2515452 0.2557006 0.1894224 0.2082666 0.2118790 0.2999847 0.3255979 0.2343310 0.2474502 0.2078646 0.3699440 0.3690264 0.4827646 0.1927969 0.2985550 0.1947015 0.3350048 0.2242742 0.2028273 0.2262250 0.1881775 0.2724700 0.3009158 0.3067153 0.2673727 0.3066728 
Aotus_nancymaae__PREDICTED__Aotus_nancymaae_zinc_finger_protein_648__ZNF648___transcript_variant_X1__mRNA                       0.1816032 0.3120404 0.1428560 0.1428560 0.1382458 0.1382458 0.1336699 0.1362272 0.2396591 0.1380481 0.1374145 0.2450561 0.3393338 0.1467471 0.1575656 0.1567584 0.2479313 0.1433720 0.2493656 0.1486239 0.1473337 0.2147024 0.3245590 0.1686110 0.2505990 0.3450498 0.1481660 0.1492697 0.1953864 0.0820996 0.1264332 0.1257383 0.0000010 0.0243012 0.0233419 0.0062849 0.0000000 0.1965618 0.1487817 0.1620196 0.1944062 0.2011373 0.1982495 0.3876841 0.1991517 0.2800191 0.2626659 0.2679379 0.1894224 0.2082666 0.2118790 0.3156263 0.3365534 0.2343310 0.2474502 0.2078646 0.3797836 0.3788598 0.4936558 0.1927969 0.3075375 0.1947015 0.3468237 0.2242742 0.2028273 0.2262250 0.1881775 0.2750912 0.3120423 0.3178798 0.2673727 0.3066728 
Cebus_capucinus_imitator__PREDICTED__Cebus_capucinus_imitator_zinc_finger_protein_648__ZNF648___mRNA                            0.1112058 0.3620748 0.0797580 0.0797580 0.0775012 0.0775012 0.0752959 0.0763663 0.0800981 0.0785661 0.0763248 0.0887223 0.3420439 0.0843079 0.0923106 0.0983206 0.0918488 0.0804214 0.0975319 0.0853478 0.0837159 0.1361295 0.2376310 0.1013496 0.0845691 0.3442262 0.0855458 0.0875928 0.0383175 0.0766269 0.4034377 0.4000559 0.2117835 0.1586064 0.1801115 0.1891107 0.1965618 0.0000000 0.1507039 0.1626448 0.1951374 0.2028063 0.1999007 0.4308830 0.2008080 0.2821188 0.1863477 0.2190917 0.1824677 0.2090757 0.2113710 0.2507083 0.2956704 0.2357889 0.2469736 0.2013617 0.2741254 0.2733779 0.4080344 0.1878101 0.2167978 0.1909358 0.2694090 0.2260657 0.2063653 0.2227333 0.1910268 0.2399108 0.2261254 0.2252545 0.2364901 0.3101613 
Propithecus_coquereli__PREDICTED__Propithecus_coquereli_zinc_finger_protein_648__ZNF648___mRNA                                  0.1353089 0.1353089 0.1353089 0.1353089 0.1353089 0.1353089 0.1345527 0.1361979 0.1381449 0.1398445 0.1380093 0.1441216 0.1546802 0.1530004 0.1527212 0.1527212 0.1527212 0.1470338 0.1546307 0.1522096 0.1505314 0.1595828 0.1595828 0.1595828 0.1595828 0.1574535 0.1534629 0.1566532 0.1520058 0.1487817 0.1487817 0.1479443 0.1487817 0.1487817 0.1487817 0.1487817 0.1487817 0.1507039 0.0000000 0.1332314 0.1748702 0.1803034 0.1774751 0.2017063 0.1783641 0.2007482 0.0635645 0.0635645 0.1621756 0.1877505 0.1903927 0.1999719 0.2095650 0.2094488 0.2159651 0.1668977 0.2174634 0.2174634 0.2174634 0.1624439 0.1624439 0.1597204 0.2091186 0.2027184 0.1405022 0.2013199 0.1799641 0.2031857 0.1871600 0.1880590 0.2031916 0.2114893 
Galeopterus_variegatus__PREDICTED__Galeopterus_variegatus_zinc_finger_protein_648__ZNF648___mRNA                                0.1457893 0.1457893 0.1457893 0.1457893 0.1457893 0.1457893 0.1448380 0.1464982 0.1484754 0.1534752 0.1524564 0.1594154 0.1697948 0.1680932 0.1677851 0.1677851 0.1677851 0.1572929 0.1688961 0.1616451 0.1599648 0.1719441 0.1719441 0.1719441 0.1719441 0.1717513 0.1619809 0.1718179 0.1660242 0.1620196 0.1620196 0.1620196 0.1620196 0.1620196 0.1620196 0.1620196 0.1620196 0.1626448 0.1332314 0.0000000 0.1747506 0.1788897 0.1771486 0.2001403 0.1797884 0.2001398 0.1498823 0.1498823 0.1610132 0.1855765 0.1887489 0.2004091 0.2139135 0.2128370 0.2276839 0.1642602 0.2217406 0.2217406 0.2217406 0.1592954 0.1592954 0.1549238 0.2102144 0.2000040 0.1886487 0.2072661 0.1820774 0.1966439 0.1829286 0.1838045 0.1977316 0.2051161 
Odobenus_rosmarus_divergens__PREDICTED__Odobenus_rosmarus_divergens_zinc_finger_protein_648__ZNF648___mRNA                      0.1837080 0.1837080 0.1837080 0.1837080 0.1837080 0.1837080 0.1826328 0.1826760 0.1845129 0.1911578 0.1935736 0.1946978 0.2070865 0.2052579 0.2048730 0.2048730 0.2048730 0.1977626 0.2070288 0.2034851 0.2034889 0.2126354 0.2126354 0.2126354 0.2126354 0.2083481 0.2040236 0.2111991 0.1935947 0.1944062 0.1944062 0.1948490 0.1944062 0.1944062 0.1944062 0.1944062 0.1944062 0.1951374 0.1748702 0.1747506 0.0000000 0.0102331 0.0084073 0.0813873 0.0102274 0.0813847 0.1984318 0.1984318 0.1439722 0.0342522 0.0362552 0.0787894 0.2410019 0.2422782 0.2552112 0.1545272 0.2572511 0.2572511 0.2572511 0.1521795 0.1521795 0.1487722 0.0846681 0.0786206 0.2319745 0.1392128 0.2107287 0.1757109 0.0883369 0.0883411 0.1755963 0.1834708 
Eumetopias_jubatus__PREDICTED__Eumetopias_jubatus_zinc_finger_protein_648__ZNF648___mRNA                                        0.1893945 0.1893945 0.1893945 0.1893945 0.1893945 0.1893945 0.1883029 0.1883476 0.1902058 0.1969304 0.1993646 0.2005291 0.2130630 0.2112152 0.2108163 0.2108163 0.2108163 0.2027388 0.2130033 0.2085203 0.2085243 0.2186934 0.2186934 0.2186934 0.2186934 0.2143467 0.2090756 0.2172291 0.2002917 0.2011373 0.2011373 0.2015983 0.2011373 0.2011373 0.2011373 0.2011373 0.2011373 0.2028063 0.1803034 0.1788897 0.0102331 0.0000000 0.0029779 0.0827973 0.0035769 0.0827946 0.2013589 0.2013589 0.1498820 0.0355731 0.0375854 0.0801863 0.2440843 0.2453697 0.2574010 0.1616877 0.2604280 0.2604280 0.2604280 0.1593140 0.1593140 0.1558552 0.0875005 0.0814134 0.2371084 0.1434007 0.2152744 0.1813118 0.0898739 0.0906007 0.1811925 0.1909723 
Callorhinus_ursinus__PREDICTED__Callorhinus_ursinus_zinc_finger_protein_648__ZNF648___mRNA                                      0.1865652 0.1865652 0.1865652 0.1865652 0.1865652 0.1865652 0.1854817 0.1855256 0.1873735 0.1940593 0.1964848 0.1976293 0.2100929 0.2082543 0.2078624 0.2078624 0.2078624 0.2016451 0.2100341 0.2074116 0.2074155 0.2156836 0.2156836 0.2156836 0.2156836 0.2113658 0.2079630 0.2142330 0.1974185 0.1982495 0.1982495 0.1987028 0.1982495 0.1982495 0.1982495 0.1982495 0.1982495 0.1999007 0.1774751 0.1771486 0.0084073 0.0029779 0.0000000 0.0805825 0.0029763 0.0805799 0.1983987 0.1983987 0.1473075 0.0336179 0.0356179 0.0779952 0.2428753 0.2441563 0.2561533 0.1598909 0.2591716 0.2591716 0.2591716 0.1575236 0.1575236 0.1540776 0.0852904 0.0778281 0.2339027 0.1416922 0.2141192 0.1785483 0.0883660 0.0890906 0.1784313 0.1881501 
Ursus_arctos_horribilis__PREDICTED__Ursus_arctos_horribilis_zinc_finger_protein_648__ZNF648___mRNA                              0.3183627 0.4988363 0.2277230 0.2277230 0.2697134 0.2697134 0.2653137 0.2655595 0.3877824 0.2769619 0.2756666 0.4275617 0.4941354 0.2910362 0.2406028 0.2345874 0.4363329 0.2822176 0.4444855 0.2892116 0.2892175 0.3114092 0.4786692 0.3279512 0.4188014 0.4799705 0.2880814 0.2973097 0.4333107 0.4289039 0.3521900 0.3514163 0.3254985 0.3876841 0.3600086 0.3876841 0.3876841 0.4308830 0.2017063 0.2001403 0.0813873 0.0827973 0.0805825 0.0000000 0.0827439 0.0010217 0.3072586 0.2430913 0.1648984 0.0844801 0.0869668 0.0302770 0.2650934 0.2627259 0.2819074 0.1805455 0.3815754 0.3805345 0.4404403 0.1755478 0.2558150 0.2047349 0.1661200 0.0989492 0.2664978 0.1537262 0.2402737 0.1873624 0.1718332 0.1771158 0.1863301 0.2827667 
Zalophus_californianus__PREDICTED__Zalophus_californianus_zinc_finger_protein_648__ZNF648___mRNA                                0.1874521 0.1874521 0.1874521 0.1874521 0.1874521 0.1874521 0.1863663 0.1864105 0.1882611 0.1949573 0.1973849 0.1967004 0.2091427 0.2073069 0.2069171 0.2069171 0.2069171 0.2016489 0.2090843 0.2074153 0.2074192 0.2147213 0.2147213 0.2147213 0.2147213 0.2104123 0.2079667 0.2132750 0.1983163 0.1991517 0.1991517 0.1996072 0.1991517 0.1991517 0.1991517 0.1991517 0.1991517 0.2008080 0.1783641 0.1797884 0.0102274 0.0035769 0.0029763 0.0827439 0.0000000 0.0827413 0.1993234 0.1993234 0.1497758 0.0355521 0.0375630 0.0801351 0.2448742 0.2461609 0.2582000 0.1624357 0.2612282 0.2612282 0.2612282 0.1600613 0.1600613 0.1565999 0.0874445 0.0813618 0.2369141 0.1433003 0.2150746 0.1811775 0.0905538 0.0912810 0.1810584 0.1908290 
Ursus_maritimus__PREDICTED__Ursus_maritimus_zinc_finger_protein_648__ZNF648___mRNA                                              0.2863472 0.2689028 0.2299033 0.2299033 0.2726790 0.2726790 0.2682522 0.2685014 0.2698317 0.2799598 0.2786556 0.2823290 0.3016592 0.2941170 0.2348502 0.2272175 0.2945658 0.2852537 0.2969321 0.2922844 0.2922904 0.3041816 0.3066449 0.3025996 0.3031280 0.3041208 0.2911554 0.3004249 0.2839582 0.2800191 0.2902052 0.2892074 0.2141973 0.2800191 0.2800191 0.2800191 0.2800191 0.2821188 0.2007482 0.2001398 0.0813847 0.0827946 0.0805799 0.0010217 0.0827413 0.0000000 0.2909560 0.2448923 0.1640529 0.0844774 0.0869639 0.0315487 0.2640527 0.2616771 0.2808204 0.1796685 0.3490342 0.3479825 0.3690267 0.1746587 0.2360055 0.2059991 0.1598615 0.0982047 0.2675148 0.1528829 0.2392399 0.1864585 0.1612805 0.1620351 0.1854284 0.2842800 
Microcebus_murinus__PREDICTED__Microcebus_murinus_zinc_finger_protein_648__ZNF648___transcript_variant_X1__mRNA                 0.2413478 0.2683970 0.2053527 0.2053527 0.2012349 0.2012349 0.2024230 0.2042236 0.2000097 0.2091390 0.2033701 0.2136714 0.2986253 0.2237787 0.2335734 0.2338449 0.2140568 0.2235579 0.2108668 0.2251648 0.2240124 0.2776162 0.3001220 0.2275786 0.2194974 0.2973882 0.2287634 0.2282282 0.2029006 0.2281221 0.3418436 0.3361522 0.2773706 0.2304362 0.2626659 0.2515452 0.2626659 0.1863477 0.0635645 0.1498823 0.1984318 0.2013589 0.1983987 0.3072586 0.1993234 0.2909560 0.0000000 0.0106611 0.1902620 0.2092376 0.2130119 0.2567902 0.2758745 0.2317046 0.2400717 0.2018090 0.2913316 0.2906818 0.3769829 0.1760079 0.2453022 0.1852005 0.3040044 0.2188826 0.1709517 0.2299854 0.1976112 0.2373038 0.2498962 0.2499253 0.2272075 0.3145233 
