72
XM_024453263.1 0.0000000 0.0590047 0.0061382 0.0061274 0.0183714 0.0186631 0.0269431 0.0246479 0.0244315 0.0416666 0.0427647 0.0678307 0.0992640 0.0655274 0.0504502 0.0496560 0.0660506 0.0682840 0.0683049 0.0703222 0.0700229 0.0802815 0.0822652 0.0718505 0.0700526 0.0994780 0.0701139 0.0688678 0.1218487 0.1491411 0.2606493 0.2588057 0.1309961 0.1266876 0.1605348 0.1542534 0.1605348 0.1031437 0.1235863 0.1324218 0.1625856 0.1670730 0.1648303 0.2601452 0.1655656 0.2376143 0.2064015 0.1924516 0.1622914 0.1718633 0.1738103 0.2083077 0.2360852 0.1936956 0.2009100 0.1729402 0.2758929 0.2739078 0.2940870 0.1594902 0.2494515 0.1857843 0.2927327 0.1891059 0.1719998 0.1901660 0.1562396 0.1976255 0.2456922 0.2452896 0.1929723 0.2565330 
XM_024453260.1 0.0590047 0.0000000 0.0102526 0.0102345 0.0181793 0.0184728 0.0267902 0.0241927 0.1071627 0.0415956 0.0426993 0.1987790 0.1811626 0.0655788 0.0505710 0.0540166 0.1720420 0.0683499 0.1879859 0.0703986 0.0700977 0.0732240 0.1329052 0.0842073 0.1234063 0.1791327 0.0704921 0.0689384 0.3043945 0.3504448 0.4044710 0.4041089 0.2251536 0.2245119 0.2366371 0.2482271 0.2536450 0.2868335 0.1235863 0.1324218 0.1625856 0.1670730 0.1648303 0.3673847 0.1655656 0.2253518 0.2258828 0.1949033 0.1623855 0.1718633 0.1738103 0.2083077 0.2360852 0.1936956 0.2009100 0.1729402 0.2977150 0.2977186 0.3212756 0.1594902 0.2615962 0.1930626 0.2990493 0.1891059 0.1719998 0.1901660 0.1562396 0.1976255 0.2620813 0.2659521 0.1929723 0.2421619 
BC137224.1     0.0061382 0.0102526 0.0000000 0.0000010 0.0000010 0.0002911 0.0082020 0.0058478 0.0058503 0.0233912 0.0236484 0.0449455 0.0567506 0.0467349 0.0472863 0.0472267 0.0460709 0.0492583 0.0480914 0.0516933 0.0513835 0.0612046 0.0612046 0.0517235 0.0517235 0.0594399 0.0511431 0.0504840 0.0936372 0.1300462 0.1470751 0.1450706 0.1309961 0.0943383 0.1300462 0.1234239 0.1300462 0.0758201 0.1235863 0.1324218 0.1625856 0.1670730 0.1648303 0.1963539 0.1655656 0.1980206 0.1802329 0.1930812 0.1623855 0.1718633 0.1738103 0.2083077 0.2360852 0.1936956 0.2009100 0.1729402 0.2487100 0.2482046 0.2590760 0.1594902 0.2308958 0.1667383 0.2725243 0.1891059 0.1719998 0.1901660 0.1562396 0.1976255 0.2187732 0.2183543 0.1929723 0.2244376 
BC137223.1     0.0061274 0.0102345 0.0000010 0.0000000 0.0000010 0.0002906 0.0081875 0.0058375 0.0058400 0.0236484 0.0239047 0.0449455 0.0569580 0.0469577 0.0475108 0.0474511 0.0462945 0.0494774 0.0483127 0.0519084 0.0515991 0.0614052 0.0614052 0.0519387 0.0519387 0.0596437 0.0513594 0.0507011 0.0936372 0.1300462 0.1470751 0.1450706 0.1309961 0.0943383 0.1300462 0.1234239 0.1300462 0.0758201 0.1235863 0.1324218 0.1625856 0.1670730 0.1648303 0.1963539 0.1655656 0.1980206 0.1802329 0.1930812 0.1623855 0.1718633 0.1738103 0.2083077 0.2360852 0.1936956 0.2009100 0.1729402 0.2487100 0.2482046 0.2590760 0.1594902 0.2307976 0.1667383 0.2727480 0.1891059 0.1719998 0.1901660 0.1562396 0.1976255 0.2187732 0.2183543 0.1929723 0.2244376 
NM_001009992.1 0.0183714 0.0181793 0.0000010 0.0000010 0.0000000 0.0002742 0.0082689 0.0060518 0.0060546 0.0231124 0.0236431 0.0441136 0.0714732 0.0465091 0.0482423 0.0476941 0.0461600 0.0491731 0.0477840 0.0511714 0.0508801 0.0734474 0.0761395 0.0509867 0.0509016 0.0744121 0.0515292 0.0503272 0.0908432 0.1262721 0.1740770 0.1725869 0.1309961 0.0922298 0.1262721 0.1199487 0.1262721 0.0737926 0.1235863 0.1324218 0.1625856 0.1670730 0.1648303 0.2264318 0.1655656 0.2285817 0.1771209 0.1930812 0.1629894 0.1718633 0.1738103 0.2083077 0.2360852 0.1936956 0.2009100 0.1729402 0.2409185 0.2404352 0.2814205 0.1594902 0.2276087 0.1673138 0.2714677 0.1891059 0.1719998 0.1901660 0.1562396 0.1976255 0.2126808 0.2122778 0.1929723 0.2486270 
AK128654.1     0.0186631 0.0184728 0.0002911 0.0002906 0.0002742 0.0000000 0.0085505 0.0063314 0.0063343 0.0234075 0.0239244 0.0441136 0.0718158 0.0468267 0.0485731 0.0480247 0.0464769 0.0494933 0.0481035 0.0514931 0.0512016 0.0737926 0.0764858 0.0513089 0.0512233 0.0747585 0.0518517 0.0506485 0.0908432 0.1262721 0.1740770 0.1725869 0.1309961 0.0922298 0.1262721 0.1199487 0.1262721 0.0737926 0.1235863 0.1324218 0.1625856 0.1670730 0.1648303 0.2264318 0.1655656 0.2285817 0.1771209 0.1930812 0.1629894 0.1718633 0.1738103 0.2083077 0.2360852 0.1936956 0.2009100 0.1729402 0.2409185 0.2404352 0.2814205 0.1594902 0.2281287 0.1673138 0.2720406 0.1891059 0.1719998 0.1901660 0.1562396 0.1976255 0.2126808 0.2122778 0.1929723 0.2486270 
XM_004028008.2 0.0269431 0.0267902 0.0082020 0.0081875 0.0082689 0.0085505 0.0000000 0.0099285 0.0099331 0.0231026 0.0239614 0.0440961 0.0719394 0.0471955 0.0486581 0.0481089 0.0465552 0.0495771 0.0481849 0.0515802 0.0512881 0.0739200 0.0766174 0.0513959 0.0513099 0.0748878 0.0513536 0.0507342 0.0878510 0.1223840 0.1699197 0.1684439 0.1267972 0.0899642 0.1223840 0.1160484 0.1223840 0.0717853 0.1229036 0.1316656 0.1617793 0.1662605 0.1640208 0.2234056 0.1647551 0.2255466 0.1780417 0.1940588 0.1608044 0.1710428 0.1729852 0.2080052 0.2345395 0.1928466 0.2000500 0.1699452 0.2397609 0.2392785 0.2801743 0.1571400 0.2266477 0.1644509 0.2724949 0.1882653 0.1688688 0.1869602 0.1539497 0.1974772 0.2103462 0.2099433 0.1920470 0.2462009 
XM_003824734.1 0.0246479 0.0241927 0.0058478 0.0058375 0.0060518 0.0063314 0.0099285 0.0000000 0.0066035 0.0247981 0.0253701 0.0437343 0.0725358 0.0474845 0.0489490 0.0484000 0.0471330 0.0501577 0.0487657 0.0521614 0.0518692 0.0742159 0.0769127 0.0519782 0.0518912 0.0754876 0.0519354 0.0513153 0.0903252 0.1245878 0.1710198 0.1707866 0.1285487 0.0905497 0.1245878 0.1182598 0.1245878 0.0727816 0.1243086 0.1330673 0.1617793 0.1662605 0.1640208 0.2234783 0.1647552 0.2256201 0.1794441 0.1945054 0.1601041 0.1710428 0.1729852 0.2043155 0.2345606 0.1928409 0.2000445 0.1685341 0.2389080 0.2384259 0.2792970 0.1556896 0.2281743 0.1638294 0.2709850 0.1867770 0.1703617 0.1869607 0.1554238 0.1960225 0.2104260 0.2100229 0.1913583 0.2461217 
XM_001159837.4 0.0244315 0.1071627 0.0058503 0.0058400 0.0060546 0.0063343 0.0099331 0.0066035 0.0000000 0.0248096 0.0253819 0.0434032 0.1471390 0.0483817 0.0501914 0.0518665 0.0482436 0.0513519 0.0494196 0.0530652 0.0527726 0.0767131 0.1264123 0.0589836 0.0507277 0.1499036 0.0531331 0.0522184 0.0900987 0.1161951 0.2894570 0.2878954 0.2149945 0.1748212 0.1900561 0.1985819 0.2040280 0.0761460 0.1258327 0.1345892 0.1632740 0.1677638 0.1655199 0.3042065 0.1662555 0.2268606 0.1760825 0.1971115 0.1622591 0.1725578 0.1745075 0.2061787 0.2326132 0.1906378 0.1978233 0.1713978 0.2318474 0.2313893 0.2984313 0.1593546 0.2275367 0.1665150 0.2707892 0.1905509 0.1705248 0.1885048 0.1555274 0.1953672 0.2106580 0.2091045 0.1906956 0.2455316 
XM_002809718.2 0.0416666 0.0415956 0.0233912 0.0236484 0.0231124 0.0234075 0.0231026 0.0247981 0.0248096 0.0000000 0.0253872 0.0455413 0.0752904 0.0495489 0.0511329 0.0505845 0.0489040 0.0513401 0.0493472 0.0536388 0.0533461 0.0763833 0.0784773 0.0531790 0.0530899 0.0779547 0.0542962 0.0530993 0.0913313 0.1261269 0.1733244 0.1718382 0.1309837 0.0938460 0.1261269 0.1198712 0.1261269 0.0747459 0.1272796 0.1388463 0.1685173 0.1730375 0.1707785 0.2317968 0.1715187 0.2339568 0.1833891 0.1999057 0.1659291 0.1778722 0.1805888 0.2145220 0.2352748 0.1921749 0.2001286 0.1750745 0.2389376 0.2384563 0.2782429 0.1631319 0.2288277 0.1707305 0.2751975 0.1937103 0.1766916 0.1925154 0.1563301 0.1997108 0.2167239 0.2163218 0.1936580 0.2497698 
XM_003264427.1 0.0427647 0.0426993 0.0236484 0.0239047 0.0236431 0.0239244 0.0239614 0.0253701 0.0253819 0.0253872 0.0000000 0.0422903 0.0712568 0.0453989 0.0471072 0.0465576 0.0444597 0.0457082 0.0460755 0.0485763 0.0482856 0.0717102 0.0741095 0.0486915 0.0486103 0.0732699 0.0492221 0.0486199 0.0897995 0.1255522 0.1738667 0.1723790 0.1315444 0.0932222 0.1255522 0.1192343 0.1255522 0.0727146 0.1257566 0.1380338 0.1705777 0.1751051 0.1728426 0.2309185 0.1735838 0.2330750 0.1786753 0.1954067 0.1664197 0.1792161 0.1819378 0.2146072 0.2360352 0.1944162 0.2024040 0.1749514 0.2365754 0.2360942 0.2768590 0.1614500 0.2258540 0.1670981 0.2756668 0.1958038 0.1735360 0.1946274 0.1554665 0.2024918 0.2147736 0.2143709 0.1970575 0.2510203 
XM_007989286.1 0.0678307 0.1987790 0.0449455 0.0449455 0.0441136 0.0441136 0.0440961 0.0437343 0.0434032 0.0455413 0.0422903 0.0000000 0.1644581 0.0211471 0.0227765 0.0249738 0.0203651 0.0254882 0.0206958 0.0265411 0.0258234 0.0545353 0.1181295 0.0350253 0.0239353 0.1630980 0.0280192 0.0236450 0.0989137 0.1211617 0.3476245 0.3466917 0.2214798 0.1800640 0.1952449 0.2026674 0.2081057 0.0838956 0.1311662 0.1437550 0.1714390 0.1759921 0.1737167 0.3293103 0.1729814 0.2356773 0.1866779 0.2079685 0.1697845 0.1809899 0.1833297 0.2168494 0.2399610 0.1976983 0.2048343 0.1827127 0.2405407 0.2400756 0.3118579 0.1674811 0.2225498 0.1751560 0.2478290 0.1969332 0.1757508 0.1988989 0.1625907 0.2096036 0.2175257 0.2159193 0.2049404 0.2585829 
XM_021929851.1 0.0992640 0.1811626 0.0567506 0.0569580 0.0714732 0.0718158 0.0719394 0.0725358 0.1471390 0.0752904 0.0712568 0.1644581 0.0000000 0.0295133 0.0108379 0.0116859 0.1209758 0.0525291 0.1230875 0.0536582 0.0533654 0.0343592 0.0997728 0.0468644 0.0887963 0.0084742 0.0531399 0.0329580 0.2876959 0.3344084 0.3812554 0.3711668 0.2333812 0.2445048 0.2573586 0.2663632 0.2722359 0.2736087 0.1397679 0.1522199 0.1810079 0.1856098 0.1833103 0.3669842 0.1825681 0.2487790 0.2473303 0.2115244 0.1774630 0.1898065 0.1921693 0.2255514 0.2457340 0.2043476 0.2122964 0.1866195 0.3189130 0.3184020 0.3324957 0.1723711 0.2817577 0.2023156 0.3159702 0.2041972 0.1838313 0.2070996 0.1667356 0.2089233 0.2805767 0.2828413 0.2036783 0.2701613 
XM_025362844.1 0.0655274 0.0655788 0.0467349 0.0469577 0.0465091 0.0468267 0.0471955 0.0474845 0.0483817 0.0495489 0.0453989 0.0211471 0.0295133 0.0000000 0.0085884 0.0080224 0.0071649 0.0277001 0.0088614 0.0288124 0.0285288 0.0310053 0.0334480 0.0096842 0.0096685 0.0345191 0.0291322 0.0096702 0.0960328 0.1332742 0.1817003 0.1808663 0.1405654 0.0998729 0.1332742 0.1264013 0.1332742 0.0799332 0.1383375 0.1507895 0.1795279 0.1841221 0.1818264 0.2418612 0.1810853 0.2440516 0.1942092 0.2108732 0.1752658 0.1883094 0.1906679 0.2252547 0.2461225 0.2028233 0.2107584 0.1851911 0.2490916 0.2486037 0.2905788 0.1709017 0.2371074 0.1748641 0.2800740 0.2026841 0.1823150 0.2063492 0.1661107 0.2075802 0.2237427 0.2233405 0.2030229 0.2541489 
XM_011746263.1 0.0504502 0.0505710 0.0472863 0.0475108 0.0482423 0.0485731 0.0486581 0.0489490 0.0501914 0.0511329 0.0471072 0.0227765 0.0108379 0.0085884 0.0000000 0.0017099 0.0019841 0.0290269 0.0062772 0.0290027 0.0287087 0.0129192 0.0126242 0.0120258 0.0114676 0.0077491 0.0296297 0.0108935 0.1041217 0.1422648 0.1504729 0.1492334 0.1402754 0.1074133 0.1423239 0.1350238 0.1423239 0.0872085 0.1382358 0.1506791 0.1793927 0.1839829 0.1816892 0.2067308 0.1809487 0.2024498 0.2018217 0.2021236 0.1759592 0.1881663 0.1905227 0.2241339 0.2448916 0.2019109 0.2098324 0.1864898 0.2588746 0.2593885 0.2628643 0.1715091 0.2459407 0.1817716 0.2886386 0.2025292 0.1821744 0.2061906 0.1652245 0.2073767 0.2328940 0.2324706 0.2028217 0.2209053 
XM_011746262.1 0.0496560 0.0540166 0.0472267 0.0474511 0.0476941 0.0480247 0.0481089 0.0484000 0.0518665 0.0505845 0.0465576 0.0249738 0.0116859 0.0080224 0.0017099 0.0000000 0.0036829 0.0284700 0.0085583 0.0284462 0.0281521 0.0114820 0.0114820 0.0120353 0.0109032 0.0091594 0.0290728 0.0103286 0.1091985 0.1479042 0.1497093 0.1522002 0.1396793 0.1064327 0.1414389 0.1341206 0.1414389 0.0923575 0.1382358 0.1506791 0.1793927 0.1839829 0.1816892 0.2020727 0.1809487 0.1966967 0.2017288 0.1990719 0.1759592 0.1881663 0.1905227 0.2241339 0.2448916 0.2019109 0.2098324 0.1864898 0.2593468 0.2588281 0.2616715 0.1715091 0.2454963 0.1812866 0.2882265 0.2025292 0.1821744 0.2061906 0.1652245 0.2073767 0.2322221 0.2317979 0.2028217 0.2219857 
XM_011746261.1 0.0660506 0.1720420 0.0460709 0.0462945 0.0461600 0.0464769 0.0465552 0.0471330 0.0482436 0.0489040 0.0444597 0.0203651 0.1209758 0.0071649 0.0019841 0.0036829 0.0000000 0.0265269 0.0045145 0.0265057 0.0262231 0.0331335 0.0837276 0.0179504 0.0105850 0.1175768 0.0273881 0.0096589 0.1013596 0.1254780 0.3488085 0.3478720 0.2236337 0.1821238 0.1972441 0.2041306 0.2100967 0.0866785 0.1382358 0.1506791 0.1793927 0.1839829 0.1816892 0.3351042 0.1809487 0.2446107 0.1868753 0.2095692 0.1758566 0.1881663 0.1905227 0.2241339 0.2448916 0.2019109 0.2098324 0.1864898 0.2426614 0.2421980 0.3132236 0.1715091 0.2369771 0.1767928 0.2788422 0.2025292 0.1821744 0.2061906 0.1652245 0.2073767 0.2216675 0.2200461 0.2028217 0.2554254 
XM_023203383.2 0.0682840 0.0683499 0.0492583 0.0494774 0.0491731 0.0494933 0.0495771 0.0501577 0.0513519 0.0513401 0.0457082 0.0254882 0.0525291 0.0277001 0.0290269 0.0284700 0.0265269 0.0000000 0.0274894 0.0157573 0.0154788 0.0523316 0.0547495 0.0297369 0.0296881 0.0544912 0.0129838 0.0299781 0.0931243 0.1305334 0.1799652 0.1791347 0.1381921 0.0970743 0.1305334 0.1231015 0.1305334 0.0764551 0.1334893 0.1421863 0.1738148 0.1776414 0.1768405 0.2357317 0.1768587 0.2379102 0.1942758 0.2114361 0.1688298 0.1825394 0.1848848 0.2206920 0.2394799 0.1956967 0.2037174 0.1828216 0.2485201 0.2480327 0.2894484 0.1675281 0.2409172 0.1745866 0.2872362 0.1961066 0.1775070 0.1980111 0.1602334 0.2057372 0.2221633 0.2217609 0.2011603 0.2556603 
XM_005540160.2 0.0683049 0.1879859 0.0480914 0.0483127 0.0477840 0.0481035 0.0481849 0.0487657 0.0494196 0.0493472 0.0460755 0.0206958 0.1230875 0.0088614 0.0062772 0.0085583 0.0045145 0.0274894 0.0000000 0.0283194 0.0280352 0.0347056 0.0860047 0.0194012 0.0121532 0.1187450 0.0283512 0.0113700 0.1063199 0.1294224 0.3619146 0.3609714 0.2253564 0.1824423 0.1987607 0.2050946 0.2110829 0.0917674 0.1397589 0.1514976 0.1809955 0.1855970 0.1832977 0.3404477 0.1825555 0.2461917 0.1845578 0.2066278 0.1752729 0.1897934 0.1921560 0.2219088 0.2405462 0.2035754 0.2115169 0.1857203 0.2395902 0.2391263 0.3106916 0.1730966 0.2387629 0.1755657 0.2792107 0.2041830 0.1838184 0.2078573 0.1683347 0.2060318 0.2198469 0.2182282 0.2014334 0.2544233 
XM_017848053.1 0.0703222 0.0703986 0.0516933 0.0519084 0.0511714 0.0514931 0.0515802 0.0521614 0.0530652 0.0536388 0.0485763 0.0265411 0.0536582 0.0288124 0.0290027 0.0284462 0.0265057 0.0157573 0.0283194 0.0000000 0.0021856 0.0540503 0.0564635 0.0314217 0.0313700 0.0553290 0.0188237 0.0310913 0.0980250 0.1349304 0.1846389 0.1837987 0.1429592 0.1021465 0.1349304 0.1275124 0.1349304 0.0809250 0.1377854 0.1457301 0.1782456 0.1820916 0.1812859 0.2407109 0.1813046 0.2429009 0.1955107 0.2127340 0.1732205 0.1870212 0.1893791 0.2237576 0.2449372 0.1996221 0.2061508 0.1863883 0.2497882 0.2493005 0.2907500 0.1726734 0.2421164 0.1780072 0.2898757 0.2021494 0.1805439 0.2010286 0.1632330 0.2057110 0.2246988 0.2248230 0.2004276 0.2563814 
XM_010368908.1 0.0700229 0.0700977 0.0513835 0.0515991 0.0508801 0.0512016 0.0512881 0.0518692 0.0527726 0.0533461 0.0482856 0.0258234 0.0533654 0.0285288 0.0287087 0.0281521 0.0262231 0.0154788 0.0280352 0.0021856 0.0000000 0.0537569 0.0561706 0.0311369 0.0310858 0.0550346 0.0185444 0.0308071 0.0965430 0.1338265 0.1834646 0.1826268 0.1417621 0.1010168 0.1338265 0.1264052 0.1338265 0.0794317 0.1363550 0.1443081 0.1782495 0.1820956 0.1812898 0.2407160 0.1813085 0.2429061 0.1945863 0.2117528 0.1717928 0.1870253 0.1893833 0.2231302 0.2429150 0.1981055 0.2046218 0.1849561 0.2478363 0.2473495 0.2887006 0.1712004 0.2421191 0.1766401 0.2891470 0.2021539 0.1790277 0.1995156 0.1632365 0.2071292 0.2231816 0.2233048 0.2018588 0.2578546 
XM_012048589.1 0.0802815 0.0732240 0.0612046 0.0614052 0.0734474 0.0737926 0.0739200 0.0742159 0.0767131 0.0763833 0.0717102 0.0545353 0.0343592 0.0310053 0.0129192 0.0114820 0.0331335 0.0523316 0.0347056 0.0540503 0.0537569 0.0000000 0.0115768 0.0234464 0.0231567 0.0370869 0.0535311 0.0330079 0.1409333 0.1823719 0.1967416 0.1957620 0.1509965 0.1540267 0.1866103 0.1798521 0.1866103 0.1245407 0.1436244 0.1538411 0.1850721 0.1897031 0.1873891 0.2556399 0.1866426 0.2507598 0.2331192 0.2155470 0.1813297 0.1939335 0.1963121 0.2284370 0.2467092 0.2061839 0.2141599 0.1926281 0.2902381 0.2878550 0.3030185 0.1778029 0.2704244 0.2089592 0.3097384 0.2083934 0.1880009 0.2098044 0.1684931 0.2135502 0.2618355 0.2614341 0.2090464 0.2694409 
XM_012048580.1 0.0822652 0.1329052 0.0612046 0.0614052 0.0761395 0.0764858 0.0766174 0.0769127 0.1264123 0.0784773 0.0741095 0.1181295 0.0997728 0.0334480 0.0126242 0.0114820 0.0837276 0.0547495 0.0860047 0.0564635 0.0561706 0.0115768 0.0000000 0.0324173 0.0728200 0.1027383 0.0547733 0.0357340 0.2172162 0.2644634 0.2972517 0.2967755 0.2243722 0.2353739 0.2575125 0.2572914 0.2631651 0.2038882 0.1436244 0.1538411 0.1850721 0.1897031 0.1873891 0.3563056 0.1866426 0.2521518 0.2486458 0.2155470 0.1812056 0.1939335 0.1963121 0.2284370 0.2467092 0.2061839 0.2141599 0.1926281 0.3134281 0.3112000 0.3383234 0.1778029 0.2850946 0.2089592 0.3170532 0.2083934 0.1880009 0.2098044 0.1684931 0.2135502 0.2786290 0.2814490 0.2090464 0.2669779 
XM_012048572.1 0.0718505 0.0842073 0.0517235 0.0519387 0.0509867 0.0513089 0.0513959 0.0519782 0.0589836 0.0531790 0.0486915 0.0350253 0.0468644 0.0096842 0.0120258 0.0120353 0.0179504 0.0297369 0.0194012 0.0314217 0.0311369 0.0234464 0.0324173 0.0000000 0.0059742 0.0483478 0.0311752 0.0116312 0.1109536 0.1482007 0.2038995 0.2030352 0.1595569 0.1182179 0.1505643 0.1440901 0.1508144 0.0949857 0.1436244 0.1538411 0.1850721 0.1897031 0.1873891 0.2667487 0.1866426 0.2498181 0.1969349 0.2134331 0.1813297 0.1939335 0.1963121 0.2284370 0.2467092 0.2061839 0.2141599 0.1926281 0.2543010 0.2538125 0.2966856 0.1778029 0.2429643 0.1826263 0.2853177 0.2083934 0.1880009 0.2098044 0.1684931 0.2135502 0.2264564 0.2260537 0.2090464 0.2597085 
XM_012048565.1 0.0700526 0.1234063 0.0517235 0.0519387 0.0509016 0.0512233 0.0513099 0.0518912 0.0507277 0.0530899 0.0486103 0.0239353 0.0887963 0.0096685 0.0114676 0.0109032 0.0105850 0.0296881 0.0121532 0.0313700 0.0310858 0.0231567 0.0728200 0.0059742 0.0000000 0.0919600 0.0311239 0.0116124 0.0970500 0.1271051 0.2682808 0.2673765 0.2262153 0.1833971 0.2001754 0.2059548 0.2119201 0.0801174 0.1436244 0.1538411 0.1850721 0.1897031 0.1873891 0.3238667 0.1866426 0.2502230 0.1907963 0.2134331 0.1813297 0.1939335 0.1963121 0.2284370 0.2467092 0.2061839 0.2141599 0.1926281 0.2448382 0.2443733 0.3135276 0.1778029 0.2402085 0.1826263 0.2819965 0.2083934 0.1880009 0.2098044 0.1684931 0.2135502 0.2235528 0.2219177 0.2090464 0.2597085 
XM_001114945.4 0.0994780 0.1791327 0.0594399 0.0596437 0.0744121 0.0747585 0.0748878 0.0754876 0.1499036 0.0779547 0.0732699 0.1630980 0.0084742 0.0345191 0.0077491 0.0091594 0.1175768 0.0544912 0.1187450 0.0553290 0.0550346 0.0370869 0.1027383 0.0483478 0.0919600 0.0000000 0.0548117 0.0359668 0.2883512 0.3358430 0.3786536 0.3684644 0.2369927 0.2482108 0.2610258 0.2700959 0.2759814 0.2750627 0.1420139 0.1537552 0.1818691 0.1864782 0.1841751 0.3587122 0.1834318 0.2503703 0.2465295 0.2105576 0.1768849 0.1906832 0.1945605 0.2244381 0.2425984 0.2052575 0.2132197 0.1864334 0.3172939 0.3167817 0.3309079 0.1738372 0.2831191 0.2010092 0.3165640 0.2066146 0.1862411 0.2080109 0.1683427 0.2075873 0.2803490 0.2826239 0.2030016 0.2706763 
XM_011942125.1 0.0701139 0.0704921 0.0511431 0.0513594 0.0515292 0.0518517 0.0513536 0.0519354 0.0531331 0.0542962 0.0492221 0.0280192 0.0531399 0.0291322 0.0296297 0.0290728 0.0273881 0.0129838 0.0283512 0.0188237 0.0185444 0.0535311 0.0547733 0.0311752 0.0311239 0.0548117 0.0000000 0.0314147 0.0976779 0.1344877 0.1824369 0.1816006 0.1406875 0.1011004 0.1344877 0.1276189 0.1344877 0.0810251 0.1386954 0.1459014 0.1785232 0.1823762 0.1815689 0.2396233 0.1815877 0.2418136 0.1981250 0.2160287 0.1719402 0.1865655 0.1889251 0.2248244 0.2439040 0.2005540 0.2086338 0.1872728 0.2511893 0.2507002 0.2907604 0.1720838 0.2427598 0.1788287 0.2868113 0.2017157 0.1798701 0.2004495 0.1656058 0.2117604 0.2272824 0.2268803 0.2065297 0.2611869 
XM_012002629.1 0.0688678 0.0689384 0.0504840 0.0507011 0.0503272 0.0506485 0.0507342 0.0513153 0.0522184 0.0530993 0.0486199 0.0236450 0.0329580 0.0096702 0.0108935 0.0103286 0.0096589 0.0299781 0.0113700 0.0310913 0.0308071 0.0330079 0.0357340 0.0116312 0.0116124 0.0359668 0.0314147 0.0000000 0.0979493 0.1353930 0.1845111 0.1836717 0.1434643 0.1020652 0.1353930 0.1291293 0.1353930 0.0828935 0.1413277 0.1537901 0.1841521 0.1887742 0.1864647 0.2463459 0.1857195 0.2485484 0.1974969 0.2138885 0.1797327 0.1929950 0.1946184 0.2289795 0.2445661 0.2021538 0.2100864 0.1881413 0.2500880 0.2495995 0.2905901 0.1739305 0.2421068 0.1790404 0.2851554 0.2065341 0.1838747 0.2095903 0.1715146 0.2105321 0.2279783 0.2275768 0.2060017 0.2580159 
XM_002760296.3 0.1218487 0.3043945 0.0936372 0.0936372 0.0908432 0.0908432 0.0878510 0.0903252 0.0900987 0.0913313 0.0897995 0.0989137 0.2876959 0.0960328 0.1041217 0.1091985 0.1013596 0.0931243 0.1063199 0.0980250 0.0965430 0.1409333 0.2172162 0.1109536 0.0970500 0.2883512 0.0976779 0.0979493 0.0000000 0.0729891 0.3131309 0.3112293 0.1814744 0.1433095 0.1584363 0.1637417 0.1701921 0.0373936 0.1373767 0.1494241 0.1710554 0.1763130 0.1740505 0.3339379 0.1747916 0.2372439 0.1781177 0.2046246 0.1678697 0.1782134 0.1816406 0.2204818 0.2550819 0.2081188 0.2160911 0.1829486 0.2445708 0.2440059 0.3315701 0.1686989 0.1978688 0.1725780 0.2403756 0.1963550 0.1810338 0.1929581 0.1679226 0.2061134 0.2039103 0.2032262 0.2036925 0.2505377 
XM_012444725.2 0.1491411 0.3504448 0.1300462 0.1300462 0.1262721 0.1262721 0.1223840 0.1245878 0.1161951 0.1261269 0.1255522 0.1211617 0.3344084 0.1332742 0.1422648 0.1479042 0.1254780 0.1305334 0.1294224 0.1349304 0.1338265 0.1823719 0.2644634 0.1482007 0.1271051 0.3358430 0.1344877 0.1353930 0.0729891 0.0000000 0.2216317 0.2216399 0.0825677 0.1088711 0.0646298 0.0850341 0.0769555 0.0727038 0.1347823 0.1461523 0.1713922 0.1766614 0.1743939 0.3312276 0.1751366 0.2344413 0.1965011 0.2248034 0.1676633 0.1816357 0.1843459 0.2588410 0.2745702 0.2032015 0.2128287 0.1819692 0.2637431 0.2631278 0.3578795 0.1700632 0.2299508 0.1716393 0.2672547 0.1951322 0.1784910 0.1968369 0.1667707 0.2301071 0.2402497 0.2392913 0.2247271 0.2512822 
XM_012444727.1 0.2606493 0.4044710 0.1470751 0.1470751 0.1740770 0.1740770 0.1699197 0.1710198 0.2894570 0.1733244 0.1738667 0.3476245 0.3812554 0.1817003 0.1504729 0.1497093 0.3488085 0.1799652 0.3619146 0.1846389 0.1834646 0.1967416 0.2972517 0.2038995 0.2682808 0.3786536 0.1824369 0.1845111 0.3131309 0.2216317 0.0000000 0.0070129 0.0745213 0.1518197 0.1037390 0.1242892 0.1151404 0.3116778 0.1347823 0.1461523 0.1713922 0.1766614 0.1743939 0.2831773 0.1751366 0.2406333 0.2747468 0.2090594 0.1677609 0.1816357 0.1843459 0.2588410 0.2745702 0.2032015 0.2128287 0.1819692 0.3517264 0.3510383 0.3765747 0.1700632 0.2965573 0.1957274 0.3278898 0.1951322 0.1784910 0.1968369 0.1667707 0.2301071 0.3054361 0.3084278 0.2247271 0.2551524 
XM_012444726.1 0.2588057 0.4041089 0.1450706 0.1450706 0.1725869 0.1725869 0.1684439 0.1707866 0.2878954 0.1718382 0.1723790 0.3466917 0.3711668 0.1808663 0.1492334 0.1522002 0.3478720 0.1791347 0.3609714 0.1837987 0.1826268 0.1957620 0.2967755 0.2030352 0.2673765 0.3684644 0.1816006 0.1836717 0.3112293 0.2216399 0.0070129 0.0000000 0.0746307 0.1512914 0.1032603 0.1238007 0.1146632 0.3097803 0.1340669 0.1461523 0.1717444 0.1770255 0.1747528 0.2824809 0.1754972 0.2397427 0.2714170 0.2211814 0.1698534 0.1812738 0.1839873 0.2586308 0.2745702 0.2032015 0.2120550 0.1841878 0.3483336 0.3476490 0.3758414 0.1723409 0.2984521 0.1976400 0.3255376 0.1962967 0.1784910 0.1964998 0.1667707 0.2315683 0.3004829 0.3034853 0.2261916 0.2583548 
XM_012444724.1 0.1309961 0.2251536 0.1309961 0.1309961 0.1309961 0.1309961 0.1267972 0.1285487 0.2149945 0.1309837 0.1315444 0.2214798 0.2333812 0.1405654 0.1402754 0.1396793 0.2236337 0.1381921 0.2253564 0.1429592 0.1417621 0.1509965 0.2243722 0.1595569 0.2262153 0.2369927 0.1406875 0.1434643 0.1814744 0.0825677 0.0745213 0.0746307 0.0000000 0.0256010 0.0245439 0.0066905 0.0000010 0.1825312 0.1347823 0.1461523 0.1713922 0.1766614 0.1743939 0.2647122 0.1751366 0.1869715 0.2311809 0.2111123 0.1677609 0.1816357 0.1843459 0.2588410 0.2745702 0.2032015 0.2128287 0.1819692 0.3166656 0.3166656 0.3278470 0.1700632 0.2625844 0.1726037 0.2867654 0.1951322 0.1784910 0.1968369 0.1667707 0.2301071 0.2642229 0.2682504 0.2247271 0.2121092 
XM_012444723.1 0.1266876 0.2245119 0.0943383 0.0943383 0.0922298 0.0922298 0.0899642 0.0905497 0.1748212 0.0938460 0.0932222 0.1800640 0.2445048 0.0998729 0.1074133 0.1064327 0.1821238 0.0970743 0.1824423 0.1021465 0.1010168 0.1540267 0.2353739 0.1182179 0.1833971 0.2482108 0.1011004 0.1020652 0.1433095 0.1088711 0.1518197 0.1512914 0.0256010 0.0000000 0.0494959 0.0238453 0.0238453 0.1414263 0.1347823 0.1461523 0.1713922 0.1766614 0.1743939 0.3041584 0.1751366 0.2344413 0.1979114 0.1995000 0.1676633 0.1816357 0.1843459 0.2217953 0.2407490 0.2032015 0.2128287 0.1819692 0.2722343 0.2715761 0.3412184 0.1700632 0.2166396 0.1716393 0.2456267 0.1951322 0.1784910 0.1968369 0.1667707 0.2223832 0.2220153 0.2259620 0.2231955 0.2512822 
XM_012444722.1 0.1605348 0.2366371 0.1300462 0.1300462 0.1262721 0.1262721 0.1223840 0.1245878 0.1900561 0.1261269 0.1255522 0.1952449 0.2573586 0.1332742 0.1423239 0.1414389 0.1972441 0.1305334 0.1987607 0.1349304 0.1338265 0.1866103 0.2575125 0.1505643 0.2001754 0.2610258 0.1344877 0.1353930 0.1584363 0.0646298 0.1037390 0.1032603 0.0245439 0.0494959 0.0000000 0.0298080 0.0229257 0.1588218 0.1347823 0.1461523 0.1713922 0.1766614 0.1743939 0.2870847 0.1751366 0.2344413 0.2210465 0.2248034 0.1676633 0.1816357 0.1843459 0.2588410 0.2745702 0.2032015 0.2128287 0.1819692 0.3021536 0.3015080 0.3701501 0.1700632 0.2525727 0.1716393 0.2797000 0.1951322 0.1784910 0.1968369 0.1667707 0.2301071 0.2555859 0.2593261 0.2247271 0.2512822 
XR_001106162.1 0.1542534 0.2482271 0.1234239 0.1234239 0.1199487 0.1199487 0.1160484 0.1182598 0.1985819 0.1198712 0.1192343 0.2026674 0.2663632 0.1264013 0.1350238 0.1341206 0.2041306 0.1231015 0.2050946 0.1275124 0.1264052 0.1798521 0.2572914 0.1440901 0.2059548 0.2700959 0.1276189 0.1291293 0.1637417 0.0850341 0.1242892 0.1238007 0.0066905 0.0238453 0.0298080 0.0000000 0.0062572 0.1656371 0.1347823 0.1461523 0.1713922 0.1766614 0.1743939 0.3041584 0.1751366 0.2344413 0.2132916 0.2163178 0.1676633 0.1816357 0.1843459 0.2489361 0.2679156 0.2032015 0.2128287 0.1819692 0.2965080 0.2958599 0.3647119 0.1700632 0.2469338 0.1716393 0.2727771 0.1951322 0.1784910 0.1968369 0.1667707 0.2281578 0.2485674 0.2523406 0.2247271 0.2512822 
XM_012444720.1 0.1605348 0.2536450 0.1300462 0.1300462 0.1262721 0.1262721 0.1223840 0.1245878 0.2040280 0.1261269 0.1255522 0.2081057 0.2722359 0.1332742 0.1423239 0.1414389 0.2100967 0.1305334 0.2110829 0.1349304 0.1338265 0.1866103 0.2631651 0.1508144 0.2119201 0.2759814 0.1344877 0.1353930 0.1701921 0.0769555 0.1151404 0.1146632 0.0000010 0.0238453 0.0229257 0.0062572 0.0000000 0.1711692 0.1347823 0.1461523 0.1713922 0.1766614 0.1743939 0.3041584 0.1751366 0.2344413 0.2210465 0.2248034 0.1676633 0.1816357 0.1843459 0.2588410 0.2745702 0.2032015 0.2128287 0.1819692 0.3021536 0.3015080 0.3701501 0.1700632 0.2525727 0.1716393 0.2797000 0.1951322 0.1784910 0.1968369 0.1667707 0.2301071 0.2555859 0.2593261 0.2247271 0.2512822 
XM_017524475.1 0.1031437 0.2868335 0.0758201 0.0758201 0.0737926 0.0737926 0.0717853 0.0727816 0.0761460 0.0747459 0.0727146 0.0838956 0.2736087 0.0799332 0.0872085 0.0923575 0.0866785 0.0764551 0.0917674 0.0809250 0.0794317 0.1245407 0.2038882 0.0949857 0.0801174 0.2750627 0.0810251 0.0828935 0.0373936 0.0727038 0.3116778 0.3097803 0.1825312 0.1414263 0.1588218 0.1656371 0.1711692 0.0000000 0.1363263 0.1464028 0.1718925 0.1779078 0.1756311 0.3322468 0.1763767 0.2358379 0.1651358 0.1899581 0.1619880 0.1821657 0.1840048 0.2144961 0.2472602 0.2041846 0.2122866 0.1765078 0.2321902 0.2316163 0.3205122 0.1658405 0.1889163 0.1684250 0.2282347 0.1964610 0.1810438 0.1937844 0.1691150 0.2046735 0.1959683 0.1953271 0.2022368 0.2537046 
XM_012639985.1 0.1235863 0.1235863 0.1235863 0.1235863 0.1235863 0.1235863 0.1229036 0.1243086 0.1258327 0.1272796 0.1257566 0.1311662 0.1397679 0.1383375 0.1382358 0.1382358 0.1382358 0.1334893 0.1397589 0.1377854 0.1363550 0.1436244 0.1436244 0.1436244 0.1436244 0.1420139 0.1386954 0.1413277 0.1373767 0.1347823 0.1347823 0.1340669 0.1347823 0.1347823 0.1347823 0.1347823 0.1347823 0.1363263 0.0000000 0.1219894 0.1554917 0.1599207 0.1576563 0.1763010 0.1583992 0.1755333 0.0607995 0.0607995 0.1457219 0.1654955 0.1674520 0.1752747 0.1836915 0.1836824 0.1884822 0.1491484 0.1898556 0.1898556 0.1898556 0.1454761 0.1454761 0.1432714 0.1831151 0.1783153 0.1282435 0.1771914 0.1603882 0.1775300 0.1656924 0.1664323 0.1775404 0.1838419 
XM_008567375.1 0.1324218 0.1324218 0.1324218 0.1324218 0.1324218 0.1324218 0.1316656 0.1330673 0.1345892 0.1388463 0.1380338 0.1437550 0.1522199 0.1507895 0.1506791 0.1506791 0.1506791 0.1421863 0.1514976 0.1457301 0.1443081 0.1538411 0.1538411 0.1538411 0.1538411 0.1537552 0.1459014 0.1537901 0.1494241 0.1461523 0.1461523 0.1461523 0.1461523 0.1461523 0.1461523 0.1461523 0.1461523 0.1464028 0.1219894 0.0000000 0.1555836 0.1591028 0.1576580 0.1757199 0.1598415 0.1757134 0.1355774 0.1355774 0.1446883 0.1639443 0.1664699 0.1762461 0.1874229 0.1866639 0.1977578 0.1471826 0.1935344 0.1935344 0.1935344 0.1429549 0.1429549 0.1393624 0.1842313 0.1764639 0.1669289 0.1820868 0.1623165 0.1724363 0.1625920 0.1633170 0.1732363 0.1791724 
XM_004396858.1 0.1625856 0.1625856 0.1625856 0.1625856 0.1625856 0.1625856 0.1617793 0.1617793 0.1632740 0.1685173 0.1705777 0.1714390 0.1810079 0.1795279 0.1793927 0.1793927 0.1793927 0.1738148 0.1809955 0.1782456 0.1782495 0.1850721 0.1850721 0.1850721 0.1850721 0.1818691 0.1785232 0.1841521 0.1710554 0.1713922 0.1713922 0.1717444 0.1713922 0.1713922 0.1713922 0.1713922 0.1713922 0.1718925 0.1554917 0.1555836 0.0000000 0.0101604 0.0083573 0.0768009 0.0101579 0.0767957 0.1741009 0.1741009 0.1307322 0.0334287 0.0353509 0.0746549 0.2071329 0.2080438 0.2176315 0.1394244 0.2191658 0.2191658 0.2191658 0.1373687 0.1373687 0.1345370 0.0801003 0.0747550 0.1995695 0.1269846 0.1843411 0.1565067 0.0830607 0.0830625 0.1564630 0.1625507 
XM_028121473.1 0.1670730 0.1670730 0.1670730 0.1670730 0.1670730 0.1670730 0.1662605 0.1662605 0.1677638 0.1730375 0.1751051 0.1759921 0.1856098 0.1841221 0.1839829 0.1839829 0.1839829 0.1776414 0.1855970 0.1820916 0.1820956 0.1897031 0.1897031 0.1897031 0.1897031 0.1864782 0.1823762 0.1887742 0.1763130 0.1766614 0.1766614 0.1770255 0.1766614 0.1766614 0.1766614 0.1766614 0.1766614 0.1779078 0.1599207 0.1591028 0.0101604 0.0000000 0.0029721 0.0780914 0.0035678 0.0780861 0.1763695 0.1763695 0.1356566 0.0346783 0.0366058 0.0759401 0.2094497 0.2103641 0.2192039 0.1452292 0.2215145 0.2215145 0.2215145 0.1431622 0.1431622 0.1403108 0.0826897 0.0773271 0.2034913 0.1304930 0.1876126 0.1609335 0.0844050 0.0850617 0.1608884 0.1684746 
XM_025877744.1 0.1648303 0.1648303 0.1648303 0.1648303 0.1648303 0.1648303 0.1640208 0.1640208 0.1655199 0.1707785 0.1728426 0.1737167 0.1833103 0.1818264 0.1816892 0.1816892 0.1816892 0.1768405 0.1832977 0.1812859 0.1812898 0.1873891 0.1873891 0.1873891 0.1873891 0.1841751 0.1815689 0.1864647 0.1740505 0.1743939 0.1743939 0.1747528 0.1743939 0.1743939 0.1743939 0.1743939 0.1743939 0.1756311 0.1576563 0.1576580 0.0083573 0.0029721 0.0000000 0.0761044 0.0029714 0.0760992 0.1740525 0.1740525 0.1335202 0.0328128 0.0347327 0.0739627 0.2086073 0.2095202 0.2183486 0.1437611 0.2206567 0.2206567 0.2206567 0.1416972 0.1416972 0.1388510 0.0807074 0.0740663 0.2010739 0.1290647 0.1867784 0.1587196 0.0830647 0.0837205 0.1586752 0.1662381 
XM_026509030.1 0.2601452 0.3673847 0.1963539 0.1963539 0.2264318 0.2264318 0.2234056 0.2234783 0.3042065 0.2317968 0.2309185 0.3293103 0.3669842 0.2418612 0.2067308 0.2020727 0.3351042 0.2357317 0.3404477 0.2407109 0.2407160 0.2556399 0.3563056 0.2667487 0.3238667 0.3587122 0.2396233 0.2463459 0.3339379 0.3312276 0.2831773 0.2824809 0.2647122 0.3041584 0.2870847 0.3041584 0.3041584 0.3322468 0.1763010 0.1757199 0.0768009 0.0780914 0.0761044 0.0000000 0.0780718 0.0010210 0.2526286 0.2079342 0.1482165 0.0794942 0.0816734 0.0296941 0.2250400 0.2232350 0.2366998 0.1604104 0.3023932 0.3016686 0.3359421 0.1562377 0.2161971 0.1786940 0.1490790 0.0929739 0.2250389 0.1389447 0.2063094 0.1656829 0.1527780 0.1568886 0.1649117 0.2350833 
XM_027609926.1 0.1655656 0.1655656 0.1655656 0.1655656 0.1655656 0.1655656 0.1647551 0.1647552 0.1662555 0.1715187 0.1735838 0.1729814 0.1825681 0.1810853 0.1809487 0.1809487 0.1809487 0.1768587 0.1825555 0.1813046 0.1813085 0.1866426 0.1866426 0.1866426 0.1866426 0.1834318 0.1815877 0.1857195 0.1747916 0.1751366 0.1751366 0.1754972 0.1751366 0.1751366 0.1751366 0.1751366 0.1751366 0.1763767 0.1583992 0.1598415 0.0101579 0.0035678 0.0029714 0.0780718 0.0000000 0.0780665 0.1748115 0.1748115 0.1356215 0.0346698 0.0365969 0.0759211 0.2101765 0.2110918 0.2199372 0.1459005 0.2222489 0.2222489 0.2222489 0.1438329 0.1438329 0.1409803 0.0826691 0.0773079 0.2034345 0.1304594 0.1875552 0.1608912 0.0850405 0.0856975 0.1608461 0.1684300 
XM_008701129.1 0.2376143 0.2253518 0.1980206 0.1980206 0.2285817 0.2285817 0.2255466 0.2256201 0.2268606 0.2339568 0.2330750 0.2356773 0.2487790 0.2440516 0.2024498 0.1966967 0.2446107 0.2379102 0.2461917 0.2429009 0.2429061 0.2507598 0.2521518 0.2498181 0.2502230 0.2503703 0.2418136 0.2485484 0.2372439 0.2344413 0.2406333 0.2397427 0.1869715 0.2344413 0.2344413 0.2344413 0.2344413 0.2358379 0.1755333 0.1757134 0.0767957 0.0780861 0.0760992 0.0010210 0.0780665 0.0000000 0.2414799 0.2090639 0.1475096 0.0794888 0.0816678 0.0309232 0.2242469 0.2224343 0.2358852 0.1596902 0.2816431 0.2808907 0.2936794 0.1555050 0.2017102 0.1796616 0.1439904 0.0923054 0.2258287 0.1382328 0.2055057 0.1649458 0.1441408 0.1447725 0.1641753 0.2360466 
XM_012735556.2 0.2064015 0.2258828 0.1802329 0.1802329 0.1771209 0.1771209 0.1780417 0.1794441 0.1760825 0.1833891 0.1786753 0.1866779 0.2473303 0.1942092 0.2018217 0.2017288 0.1868753 0.1942758 0.1845578 0.1955107 0.1945863 0.2331192 0.2486458 0.1969349 0.1907963 0.2465295 0.1981250 0.1974969 0.1781177 0.1965011 0.2747468 0.2714170 0.2311809 0.1979114 0.2210465 0.2132916 0.2210465 0.1651358 0.0607995 0.1355774 0.1741009 0.1763695 0.1740525 0.2526286 0.1748115 0.2414799 0.0000000 0.0105657 0.1679270 0.1821005 0.1848803 0.2187256 0.2326466 0.2002532 0.2060979 0.1768101 0.2444946 0.2440031 0.3008592 0.1563345 0.2104009 0.1637125 0.2537844 0.1905411 0.1531046 0.1989319 0.1741719 0.2032221 0.2137682 0.2137226 0.1957370 0.2566194 
XM_012735562.2 0.1924516 0.1949033 0.1930812 0.1930812 0.1930812 0.1930812 0.1940588 0.1945054 0.1971115 0.1999057 0.1954067 0.2079685 0.2115244 0.2108732 0.2021236 0.1990719 0.2095692 0.2114361 0.2066278 0.2127340 0.2117528 0.2155470 0.2155470 0.2134331 0.2134331 0.2105576 0.2160287 0.2138885 0.2046246 0.2248034 0.2090594 0.2211814 0.2111123 0.1995000 0.2248034 0.2163178 0.2248034 0.1899581 0.0607995 0.1355774 0.1741009 0.1763695 0.1740525 0.2079342 0.1748115 0.2090639 0.0105657 0.0000000 0.1680265 0.1821005 0.1848803 0.2187256 0.2326466 0.2002532 0.2060979 0.1768101 0.2646248 0.2640844 0.2680222 0.1563345 0.2226156 0.1753654 0.2709184 0.1905411 0.1531046 0.1989319 0.1741719 0.2032221 0.2330517 0.2337619 0.1957370 0.2334043 
XM_004424963.2 0.1622914 0.1623855 0.1623855 0.1623855 0.1629894 0.1629894 0.1608044 0.1601041 0.1622591 0.1659291 0.1664197 0.1697845 0.1774630 0.1752658 0.1759592 0.1759592 0.1758566 0.1688298 0.1752729 0.1732205 0.1717928 0.1813297 0.1812056 0.1813297 0.1813297 0.1768849 0.1719402 0.1797327 0.1678697 0.1676633 0.1677609 0.1698534 0.1677609 0.1676633 0.1676633 0.1676633 0.1676633 0.1619880 0.1457219 0.1446883 0.1307322 0.1356566 0.1335202 0.1482165 0.1356215 0.1475096 0.1679270 0.1680265 0.0000000 0.1399451 0.1410152 0.1504866 0.2123092 0.2046969 0.2152582 0.0925940 0.2201588 0.2201588 0.2201588 0.0876033 0.0893112 0.0860626 0.1620664 0.1471992 0.1896752 0.1549449 0.1847779 0.1419376 0.1417637 0.1424486 0.1426827 0.1569795 
XM_006729143.1 0.1718633 0.1718633 0.1718633 0.1718633 0.1718633 0.1718633 0.1710428 0.1710428 0.1725578 0.1778722 0.1792161 0.1809899 0.1898065 0.1883094 0.1881663 0.1881663 0.1881663 0.1825394 0.1897934 0.1870212 0.1870253 0.1939335 0.1939335 0.1939335 0.1939335 0.1906832 0.1865655 0.1929950 0.1782134 0.1816357 0.1816357 0.1812738 0.1816357 0.1816357 0.1816357 0.1816357 0.1816357 0.1821657 0.1654955 0.1639443 0.0334287 0.0346783 0.0328128 0.0794942 0.0346698 0.0794888 0.1821005 0.1821005 0.1399451 0.0000000 0.0132195 0.0773340 0.2196388 0.2205724 0.2320730 0.1497778 0.2336349 0.2336349 0.2336349 0.1491380 0.1491380 0.1462637 0.0841494 0.0781126 0.2118598 0.1312774 0.1965385 0.1624386 0.0885207 0.0891814 0.1623930 0.1699963 
XM_021682570.1 0.1738103 0.1738103 0.1738103 0.1738103 0.1738103 0.1738103 0.1729852 0.1729852 0.1745075 0.1805888 0.1819378 0.1833297 0.1921693 0.1906679 0.1905227 0.1905227 0.1905227 0.1848848 0.1921560 0.1893791 0.1893833 0.1963121 0.1963121 0.1963121 0.1963121 0.1945605 0.1889251 0.1946184 0.1816406 0.1843459 0.1843459 0.1839873 0.1843459 0.1843459 0.1843459 0.1843459 0.1843459 0.1840048 0.1674520 0.1664699 0.0353509 0.0366058 0.0347327 0.0816734 0.0365969 0.0816678 0.1848803 0.1848803 0.1410152 0.0132195 0.0000000 0.0794980 0.2226144 0.2235551 0.2325811 0.1523293 0.2341468 0.2341468 0.2341468 0.1524050 0.1524050 0.1495138 0.0836564 0.0769620 0.2123901 0.1372963 0.1993007 0.1642554 0.0913986 0.0920627 0.1642092 0.1710007 
XM_002919375.3 0.2083077 0.2083077 0.2083077 0.2083077 0.2083077 0.2083077 0.2080052 0.2043155 0.2061787 0.2145220 0.2146072 0.2168494 0.2255514 0.2252547 0.2241339 0.2241339 0.2241339 0.2206920 0.2219088 0.2237576 0.2231302 0.2284370 0.2284370 0.2284370 0.2284370 0.2244381 0.2248244 0.2289795 0.2204818 0.2588410 0.2588410 0.2586308 0.2588410 0.2217953 0.2588410 0.2489361 0.2588410 0.2144961 0.1752747 0.1762461 0.0746549 0.0759401 0.0739627 0.0296941 0.0759211 0.0309232 0.2187256 0.2187256 0.1504866 0.0773340 0.0794980 0.0000000 0.2789806 0.2265039 0.2384283 0.1659465 0.2803411 0.2803411 0.2803411 0.1560647 0.1784894 0.1573265 0.1055491 0.0921446 0.2238662 0.1364051 0.2082200 0.1814014 0.1006938 0.1012309 0.1764061 0.1782873 
XM_015492048.1 0.2360852 0.2360852 0.2360852 0.2360852 0.2360852 0.2360852 0.2345395 0.2345606 0.2326132 0.2352748 0.2360352 0.2399610 0.2457340 0.2461225 0.2448916 0.2448916 0.2448916 0.2394799 0.2405462 0.2449372 0.2429150 0.2467092 0.2467092 0.2467092 0.2467092 0.2425984 0.2439040 0.2445661 0.2550819 0.2745702 0.2745702 0.2745702 0.2745702 0.2407490 0.2745702 0.2679156 0.2745702 0.2472602 0.1836915 0.1874229 0.2071329 0.2094497 0.2086073 0.2250400 0.2101765 0.2242469 0.2326466 0.2326466 0.2123092 0.2196388 0.2226144 0.2789806 0.0000000 0.0041955 0.0224701 0.2267743 0.0272723 0.0272723 0.0272723 0.2101082 0.2655647 0.2187224 0.2748446 0.2256209 0.2180530 0.2217412 0.2172992 0.2589551 0.2655229 0.2662100 0.2536005 0.2469080 
XM_027934908.1 0.1936956 0.1936956 0.1936956 0.1936956 0.1936956 0.1936956 0.1928466 0.1928409 0.1906378 0.1921749 0.1944162 0.1976983 0.2043476 0.2028233 0.2019109 0.2019109 0.2019109 0.1956967 0.2035754 0.1996221 0.1981055 0.2061839 0.2061839 0.2061839 0.2061839 0.2052575 0.2005540 0.2021538 0.2081188 0.2032015 0.2032015 0.2032015 0.2032015 0.2032015 0.2032015 0.2032015 0.2032015 0.2041846 0.1836824 0.1866639 0.2080438 0.2103641 0.2095202 0.2232350 0.2110918 0.2224343 0.2002532 0.2002532 0.2046969 0.2205724 0.2235551 0.2265039 0.0041955 0.0000000 0.0230835 0.2129609 0.0224406 0.0224406 0.0224406 0.2093261 0.2093261 0.2084653 0.2279297 0.2265596 0.2172460 0.2217465 0.2172882 0.2366411 0.2202960 0.2210752 0.2375240 0.2415257 
