40
Terrapene_carolina_triunguis 0.0000000 0.0137585 0.0367583 0.1597624 0.2591606 0.2867366 0.7106610 0.8319303 1.9841946 1.5889656 1.6494030 1.8991682 1.5444054 1.9705428 2.0479620 1.1809481 2.0246695 2.0123152 2.0854396 2.0681259 2.2924132 1.8414815 2.1695570 1.9818760 1.1774537 1.1623331 1.1534123 1.1378499 1.2243491 1.3061286 1.2533468 1.2535360 1.1908940 1.2497162 1.3013672 1.1849802 1.2299736 1.5100861 1.8371473 1.1650597 
Chrysemys_picta_bellii       0.0137585 0.0000000 0.0528009 0.1717784 0.2566399 0.2948923 0.7139154 0.8361313 2.0086175 1.6130962 1.6733216 1.9309652 1.5588483 1.9888337 2.0669566 1.1823132 2.0337095 2.0309923 2.0963791 2.0888396 2.3010622 1.8640732 2.1686495 2.0187417 1.2063446 1.1907559 1.1818325 1.1594639 1.2205208 1.3078991 1.2526661 1.2617233 1.2024354 1.2658339 1.3242502 1.2008369 1.2611200 1.5452625 1.8799155 1.1851695 
Chelonia_mydas               0.0367583 0.0528009 0.0000000 0.1652454 0.2573993 0.2936679 0.7253246 0.8336284 1.9791873 1.5832677 1.6456180 1.8613352 1.5325197 1.9582582 2.0600590 1.1785804 2.0366560 2.0242225 2.0976384 2.0300827 2.2799695 1.8369420 2.1512224 1.9996221 1.1830252 1.1764708 1.1647945 1.1512058 1.2397843 1.3087212 1.2693130 1.2770635 1.2094689 1.2652215 1.2874728 1.2048814 1.2544428 1.5256978 1.8405945 1.1256694 
Pelodiscus_sinensis          0.1597624 0.1717784 0.1652454 0.0000000 0.3227528 0.3397420 0.7135243 0.8323394 2.0120510 1.6058461 1.6172624 1.8731145 1.4866420 1.9362536 1.8948836 1.1355673 1.8728531 1.8732454 1.9151443 2.0762967 2.2631869 1.8852167 2.0522279 1.9128372 1.1821259 1.1910497 1.1708868 1.1643949 1.1973364 1.2827141 1.2251335 1.2526349 1.1875052 1.2390372 1.2456396 1.2397513 1.2218549 1.3631183 1.8586169 1.1709545 
Alligator_sinensis           0.2591606 0.2566399 0.2573993 0.3227528 0.0000000 0.0523795 0.7391330 0.7474375 1.9730574 1.5598022 1.5887108 2.0177248 1.5056684 1.9326981 2.0049757 1.1655594 1.9820976 2.0057311 2.0331104 2.0761430 2.1793729 1.8849721 1.9817869 1.9987451 1.0665690 1.0660445 1.0935861 1.1559948 1.1135842 1.1552807 1.1380138 1.0987247 1.1122492 1.1193914 1.2415896 1.1747820 1.0899289 1.3531924 1.9065636 1.1639431 
Crocodylus_porosus           0.2867366 0.2948923 0.2936679 0.3397420 0.0523795 0.0000000 0.8577071 0.8784383 2.0476201 1.6571709 1.6829870 2.0827553 1.5821387 2.0026416 2.0951833 1.1755989 2.0716305 2.0718739 2.1239796 2.2165890 2.2367541 2.0203875 2.3390496 2.1331376 1.1837437 1.1851884 1.2052775 1.1564216 1.2267715 1.2664888 1.2826049 1.2620035 1.2019714 1.2776322 1.3480876 1.2528900 1.2186031 1.4407849 1.8706070 1.1376757 
Rhinatrema_bivittatum        0.7106610 0.7139154 0.7253246 0.7135243 0.7391330 0.8577071 0.0000000 1.0741819 2.2329886 1.8419017 1.8272328 2.0689397 1.7749828 2.1683905 2.2391826 1.3226450 2.2079890 2.2055724 2.2483810 2.3517561 2.4735605 2.0931821 2.1462697 1.8763239 1.6737476 1.6980031 1.6840120 1.6504504 1.7465398 1.8860421 1.7681333 1.7929252 1.7198489 1.7394843 1.7790692 1.6277617 1.5774503 1.5270418 2.2029973 1.1192903 
Latimeria_chalumnae          0.8319303 0.8361313 0.8336284 0.8323394 0.7474375 0.8784383 1.0741819 0.0000000 1.9241150 1.7409017 1.7236572 1.8600033 1.5928465 2.0791656 2.0640018 1.2215914 2.0572087 2.0557435 2.0625314 2.2059912 2.5338634 1.9667778 2.1804799 2.0466975 1.6385898 1.6260386 1.6001258 1.4872571 1.6664847 1.7016054 1.6841876 1.6308764 1.6621962 1.6054657 1.6998419 1.6036241 1.6774798 1.5498069 2.4936052 1.4237994 
Poecilia_reticulata          1.9841946 2.0086175 1.9791873 2.0120510 1.9730574 2.0476201 2.2329886 1.9241150 0.0000000 0.1671427 0.2138229 0.5420515 0.4385037 0.4462387 0.5868126 0.3235872 0.5866497 0.5767449 0.5887642 0.4417011 0.9734365 0.8080618 1.2147667 1.5164920 2.3476004 2.4352148 2.4444246 2.5790796 2.5554555 2.6010248 2.6364917 2.5562303 2.4283563 2.4636528 2.4192982 2.2827204 2.3489655 1.9699075 3.4914546 1.9617168 
Fundulus_heteroclitus        1.5889656 1.6130962 1.5832677 1.6058461 1.5598022 1.6571709 1.8419017 1.7409017 0.1671427 0.0000000 0.2188958 0.4138365 0.2847462 0.3463323 0.4151170 0.2013828 0.4151504 0.4060620 0.3932134 0.3130915 0.7732522 0.5836911 0.9933231 1.1795885 2.0546967 2.1036426 2.0956571 2.2394364 2.2193716 2.2218912 2.1545512 2.2248642 2.0979992 2.1201191 2.1718238 2.0000362 2.0361295 1.5639940 3.1322672 1.7935721 
Cyprinodon_variegatus        1.6494030 1.6733216 1.6456180 1.6172624 1.5887108 1.6829870 1.8272328 1.7236572 0.2138229 0.2188958 0.0000000 0.4465062 0.3371195 0.3962052 0.4765766 0.2305959 0.4764929 0.4678130 0.4654256 0.3545707 0.7701314 0.6385056 1.0285519 1.2526367 2.1172976 2.1772378 2.1886501 2.2274934 2.2775415 2.3141729 2.2547317 2.2705459 2.1411481 2.1840865 2.0968018 1.9869600 2.0044374 1.5439747 3.2398701 1.7301880 
Anabas_testudineus           1.8991682 1.9309652 1.8613352 1.8731145 2.0177248 2.0827553 2.0689397 1.8600033 0.5420515 0.4138365 0.4465062 0.0000000 0.2660737 0.3626129 0.4824973 0.2495532 0.4889091 0.4692909 0.4748478 0.4703453 0.7153905 0.6665580 1.2884850 1.5077537 2.4158722 2.3961529 2.4782495 2.6943317 2.6596896 2.7477065 2.6485230 2.8012568 2.5244901 2.5499862 2.6498868 2.4513462 2.2637073 1.6703861 3.5431058 1.8819610 
Acanthochromis_polyacanthus  1.5444054 1.5588483 1.5325197 1.4866420 1.5056684 1.5821387 1.7749828 1.5928465 0.4385037 0.2847462 0.3371195 0.2660737 0.0000000 0.1257657 0.2867287 0.1886608 0.2870424 0.2779152 0.2813919 0.3265143 0.6162087 0.6153594 1.1032684 1.2370157 2.0981785 2.0540929 2.0510506 2.1266379 2.1934901 2.1947963 2.1595301 2.2377653 2.0924608 2.0226768 2.2123496 1.9383072 2.0164377 1.7999101 2.7794404 2.0255332 
Stegastes_partitus           1.9705428 1.9888337 1.9582582 1.9362536 1.9326981 2.0026416 2.1683905 2.0791656 0.4462387 0.3463323 0.3962052 0.3626129 0.1257657 0.0000000 0.3513013 0.1996170 0.3516570 0.3422328 0.3375516 0.3660445 0.7541344 0.7350938 1.4029436 1.5816185 2.6646772 2.5731561 2.6285134 2.7207040 2.8219639 2.8685555 2.7617650 2.9287725 2.5541454 2.5771033 2.7165493 2.5820120 2.5045093 1.8343745 3.5830212 2.0795718 
Pundamilia_nyererei          2.0479620 2.0669566 2.0600590 1.8948836 2.0049757 2.0951833 2.2391826 2.0640018 0.5868126 0.4151170 0.4765766 0.4824973 0.2867287 0.3513013 0.0000000 0.0081780 0.0081796 0.0124143 0.0317291 0.4788130 0.9297490 0.7835311 1.3938279 1.7502871 2.5416885 2.5282951 2.5394385 2.6156165 2.8024979 2.8709085 2.6361896 2.7945430 2.5370301 2.5046290 2.6869124 2.4603802 2.4185328 1.8723007 3.9437085 2.0617422 
Neolamprologus_brichardi     1.1809481 1.1823132 1.1785804 1.1355673 1.1655594 1.1755989 1.3226450 1.2215914 0.3235872 0.2013828 0.2305959 0.2495532 0.1886608 0.1996170 0.0081780 0.0000000 0.0081804 0.0082151 0.0167301 0.2613634 0.5092342 0.5472760 0.8145920 1.0684222 1.4810903 1.4755918 1.4506763 1.4984131 1.4990878 1.5845468 1.4886642 1.5007795 1.4444687 1.4137523 1.5262982 1.4098129 1.4110991 1.1092246 2.6929020 2.0914226 
Maylandia_zebra              2.0246695 2.0337095 2.0366560 1.8728531 1.9820976 2.0716305 2.2079890 2.0572087 0.5866497 0.4151504 0.4764929 0.4889091 0.2870424 0.3516570 0.0081796 0.0081804 0.0000000 0.0124215 0.0317490 0.4787336 0.9437540 0.7914989 1.3931703 1.7503744 2.5711565 2.5575426 2.5689973 2.6144042 2.8354435 2.9040757 2.6664984 2.8271581 2.5535205 2.5180013 2.7179991 2.4591768 2.4297369 1.8911675 3.9513979 2.0766724 
Haplochromis_burtoni         2.0123152 2.0309923 2.0242225 1.8732454 2.0057311 2.0718739 2.2055724 2.0557435 0.5767449 0.4060620 0.4678130 0.4692909 0.2779152 0.3422328 0.0124143 0.0082151 0.0124215 0.0000000 0.0318883 0.4598390 0.9486289 0.7881897 1.3798831 1.7556969 2.6132846 2.5993486 2.6112555 2.6370618 2.8504080 2.9192032 2.6801209 2.8504913 2.5890443 2.5565439 2.7401806 2.4732002 2.4421314 1.8973382 4.0087900 2.0605987 
Oreochromis_niloticus        2.0854396 2.0963791 2.0976384 1.9151443 2.0331104 2.1239796 2.2483810 2.0625314 0.5887642 0.3932134 0.4654256 0.4748478 0.2813919 0.3375516 0.0317291 0.0167301 0.0317490 0.0318883 0.0000000 0.4627364 0.9318176 0.7701704 1.3644605 1.7319770 2.5371149 2.5421042 2.5237562 2.5877382 2.7764346 2.8452932 2.5749767 2.7847431 2.5294371 2.4895993 2.6741055 2.4440123 2.4307531 1.8658917 3.9747130 2.0637689 
Kryptolebias_marmoratus      2.0681259 2.0888396 2.0300827 2.0762967 2.0761430 2.2165890 2.3517561 2.2059912 0.4417011 0.3130915 0.3545707 0.4703453 0.3265143 0.3660445 0.4788130 0.2613634 0.4787336 0.4598390 0.4627364 0.0000000 0.9291846 0.7137093 1.4394605 1.8616409 2.6895282 2.6799048 2.7422080 2.7199811 2.9269547 2.9074110 2.7807225 2.9636341 2.7206713 2.8553500 2.8075350 2.6284751 2.5912368 2.0301341 3.5988342 1.8154546 
Cynoglossus_semilaevis       2.2924132 2.3010622 2.2799695 2.2631869 2.1793729 2.2367541 2.4735605 2.5338634 0.9734365 0.7732522 0.7701314 0.7153905 0.6162087 0.7541344 0.9297490 0.5092342 0.9437540 0.9486289 0.9318176 0.9291846 0.0000000 0.8609523 1.5156754 1.8650099 2.7327462 2.6933845 2.7460262 2.7075742 2.7269513 2.7684383 2.6777730 2.6463162 2.5191898 2.7031337 2.7361922 2.3825453 2.2928449 2.0844105 3.9721237 2.1528657 
Oryzias_latipes              1.8414815 1.8640732 1.8369420 1.8852167 1.8849721 2.0203875 2.0931821 1.9667778 0.8080618 0.5836911 0.6385056 0.6665580 0.6153594 0.7350938 0.7835311 0.5472760 0.7914989 0.7881897 0.7701704 0.7137093 0.8609523 0.0000000 1.5323616 1.6582282 2.6693449 2.6287236 2.6703302 2.7414927 2.6685454 2.7714533 2.6005869 2.7218307 2.6016801 2.6398850 2.7663341 2.4409371 2.1882739 1.6240617 3.4284953 1.8815969 
Danio_rerio                  2.1695570 2.1686495 2.1512224 2.0522279 1.9817869 2.3390496 2.1462697 2.1804799 1.2147667 0.9933231 1.0285519 1.2884850 1.1032684 1.4029436 1.3938279 0.8145920 1.3931703 1.3798831 1.3644605 1.4394605 1.5156754 1.5323616 0.0000000 1.2002973 2.4847195 2.5025727 2.3937215 2.4811133 2.5238993 2.6662447 2.6792366 2.5552530 2.4900725 2.6253835 2.6616509 2.3144697 2.4610691 1.4083838 3.8793132 1.9721199 
Astyanax_mexicanus           1.9818760 2.0187417 1.9996221 1.9128372 1.9987451 2.1331376 1.8763239 2.0466975 1.5164920 1.1795885 1.2526367 1.5077537 1.2370157 1.5816185 1.7502871 1.0684222 1.7503744 1.7556969 1.7319770 1.8616409 1.8650099 1.6582282 1.2002973 0.0000000 2.6646712 2.7829997 2.7378968 2.7676606 2.7842896 3.0274648 2.9437063 2.8949006 2.9899332 2.9522980 2.6649086 2.3858925 2.5129829 1.8010757 3.4486183 1.9766168 
Homo_sapiens                 1.1774537 1.2063446 1.1830252 1.1821259 1.0665690 1.1837437 1.6737476 1.6385898 2.3476004 2.0546967 2.1172976 2.4158722 2.0981785 2.6646772 2.5416885 1.4810903 2.5711565 2.6132846 2.5371149 2.6895282 2.7327462 2.6693449 2.4847195 2.6646712 0.0000000 0.0396627 0.0607206 0.2873542 0.2876238 0.3227097 0.3072362 0.3277162 0.2931356 0.3953481 0.3300280 0.3533992 0.5002321 1.6251308 2.7637020 1.4115528 
Nomascus_leucogenys          1.1623331 1.1907559 1.1764708 1.1910497 1.0660445 1.1851884 1.6980031 1.6260386 2.4352148 2.1036426 2.1772378 2.3961529 2.0540929 2.5731561 2.5282951 1.4755918 2.5575426 2.5993486 2.5421042 2.6799048 2.6933845 2.6287236 2.5025727 2.7829997 0.0396627 0.0000000 0.0668313 0.2986209 0.2990973 0.3334787 0.3177776 0.3479811 0.3073138 0.4025689 0.3460253 0.3654636 0.5130982 1.6459752 2.7977871 1.4111351 
Piliocolobus_tephrosceles    1.1534123 1.1818325 1.1647945 1.1708868 1.0935861 1.2052775 1.6840120 1.6001258 2.4444246 2.0956571 2.1886501 2.4782495 2.0510506 2.6285134 2.5394385 1.4506763 2.5689973 2.6112555 2.5237562 2.7422080 2.7460262 2.6703302 2.3937215 2.7378968 0.0607206 0.0668313 0.0000000 0.3045884 0.2999359 0.3328740 0.3242357 0.3403578 0.3137024 0.4112696 0.3512105 0.3770257 0.5088894 1.6032846 2.7337574 1.4698791 
Otolemur_garnettii           1.1378499 1.1594639 1.1512058 1.1643949 1.1559948 1.1564216 1.6504504 1.4872571 2.5790796 2.2394364 2.2274934 2.6943317 2.1266379 2.7207040 2.6156165 1.4984131 2.6144042 2.6370618 2.5877382 2.7199811 2.7075742 2.7414927 2.4811133 2.7676606 0.2873542 0.2986209 0.3045884 0.0000000 0.3996268 0.4013391 0.3907429 0.4161021 0.3679372 0.4641185 0.3870887 0.3874858 0.5265872 1.8446761 3.3194212 1.5366488 
Ursus_maritimus              1.2243491 1.2205208 1.2397843 1.1973364 1.1135842 1.2267715 1.7465398 1.6664847 2.5554555 2.2193716 2.2775415 2.6596896 2.1934901 2.8219639 2.8024979 1.4990878 2.8354435 2.8504080 2.7764346 2.9269547 2.7269513 2.6685454 2.5238993 2.7842896 0.2876238 0.2990973 0.2999359 0.3996268 0.0000000 0.1232028 0.1419413 0.1610114 0.2343895 0.3529585 0.3915136 0.3968556 0.6055490 1.6286676 2.9312319 1.4218821 
Mustela_putorius_furo        1.3061286 1.3078991 1.3087212 1.2827141 1.1552807 1.2664888 1.8860421 1.7016054 2.6010248 2.2218912 2.3141729 2.7477065 2.1947963 2.8685555 2.8709085 1.5845468 2.9040757 2.9192032 2.8452932 2.9074110 2.7684383 2.7714533 2.6662447 3.0274648 0.3227097 0.3334787 0.3328740 0.4013391 0.1232028 0.0000000 0.1559207 0.1829099 0.2627745 0.3883771 0.3964835 0.4398329 0.6475006 1.6928383 3.1209574 1.4679302 
Vulpes_vulpes                1.2533468 1.2526661 1.2693130 1.2251335 1.1380138 1.2826049 1.7681333 1.6841876 2.6364917 2.1545512 2.2547317 2.6485230 2.1595301 2.7617650 2.6361896 1.4886642 2.6664984 2.6801209 2.5749767 2.7807225 2.6777730 2.6005869 2.6792366 2.9437063 0.3072362 0.3177776 0.3242357 0.3907429 0.1419413 0.1559207 0.0000000 0.1751149 0.2656152 0.3680739 0.4054879 0.4087723 0.6435199 1.6114589 2.9817392 1.4063259 
Panthera_tigris_altaica      1.2535360 1.2617233 1.2770635 1.2526349 1.0987247 1.2620035 1.7929252 1.6308764 2.5562303 2.2248642 2.2705459 2.8012568 2.2377653 2.9287725 2.7945430 1.5007795 2.8271581 2.8504913 2.7847431 2.9636341 2.6463162 2.7218307 2.5552530 2.8949006 0.3277162 0.3479811 0.3403578 0.4161021 0.1610114 0.1829099 0.1751149 0.0000000 0.2490527 0.3682863 0.4071549 0.4210612 0.5964751 1.7677080 3.1438717 1.4392802 
Equus_caballus               1.1908940 1.2024354 1.2094689 1.1875052 1.1122492 1.2019714 1.7198489 1.6621962 2.4283563 2.0979992 2.1411481 2.5244901 2.0924608 2.5541454 2.5370301 1.4444687 2.5535205 2.5890443 2.5294371 2.7206713 2.5191898 2.6016801 2.4900725 2.9899332 0.2931356 0.3073138 0.3137024 0.3679372 0.2343895 0.2627745 0.2656152 0.2490527 0.0000000 0.2721021 0.4125679 0.3985953 0.5598743 1.5780583 3.0600907 1.4614447 
Bos_taurus                   1.2497162 1.2658339 1.2652215 1.2390372 1.1193914 1.2776322 1.7394843 1.6054657 2.4636528 2.1201191 2.1840865 2.5499862 2.0226768 2.5771033 2.5046290 1.4137523 2.5180013 2.5565439 2.4895993 2.8553500 2.7031337 2.6398850 2.6253835 2.9522980 0.3953481 0.4025689 0.4112696 0.4641185 0.3529585 0.3883771 0.3680739 0.3682863 0.2721021 0.0000000 0.4421161 0.4788989 0.6965248 1.5449199 3.3196947 1.4104893 
Marmota_marmota_marmota      1.3013672 1.3242502 1.2874728 1.2456396 1.2415896 1.3480876 1.7790692 1.6998419 2.4192982 2.1718238 2.0968018 2.6498868 2.2123496 2.7165493 2.6869124 1.5262982 2.7179991 2.7401806 2.6741055 2.8075350 2.7361922 2.7663341 2.6616509 2.6649086 0.3300280 0.3460253 0.3512105 0.3870887 0.3915136 0.3964835 0.4054879 0.4071549 0.4125679 0.4421161 0.0000000 0.3133966 0.5371802 1.7938742 3.3534806 1.4442041 
Castor_canadensis            1.1849802 1.2008369 1.2048814 1.2397513 1.1747820 1.2528900 1.6277617 1.6036241 2.2827204 2.0000362 1.9869600 2.4513462 1.9383072 2.5820120 2.4603802 1.4098129 2.4591768 2.4732002 2.4440123 2.6284751 2.3825453 2.4409371 2.3144697 2.3858925 0.3533992 0.3654636 0.3770257 0.3874858 0.3968556 0.4398329 0.4087723 0.4210612 0.3985953 0.4788989 0.3133966 0.0000000 0.5198437 1.6993607 3.4966740 1.5520811 
Mus_musculus                 1.2299736 1.2611200 1.2544428 1.2218549 1.0899289 1.2186031 1.5774503 1.6774798 2.3489655 2.0361295 2.0044374 2.2637073 2.0164377 2.5045093 2.4185328 1.4110991 2.4297369 2.4421314 2.4307531 2.5912368 2.2928449 2.1882739 2.4610691 2.5129829 0.5002321 0.5130982 0.5088894 0.5265872 0.6055490 0.6475006 0.6435199 0.5964751 0.5598743 0.6965248 0.5371802 0.5198437 0.0000000 1.9006734 2.9708710 1.5026133 
Lepisosteus_oculatus         1.5100861 1.5452625 1.5256978 1.3631183 1.3531924 1.4407849 1.5270418 1.5498069 1.9699075 1.5639940 1.5439747 1.6703861 1.7999101 1.8343745 1.8723007 1.1092246 1.8911675 1.8973382 1.8658917 2.0301341 2.0844105 1.6240617 1.4083838 1.8010757 1.6251308 1.6459752 1.6032846 1.8446761 1.6286676 1.6928383 1.6114589 1.7677080 1.5780583 1.5449199 1.7938742 1.6993607 1.9006734 0.0000000 2.0690502 1.3185029 
Aquila_chrysaetos_canadensis 1.8371473 1.8799155 1.8405945 1.8586169 1.9065636 1.8706070 2.2029973 2.4936052 3.4914546 3.1322672 3.2398701 3.5431058 2.7794404 3.5830212 3.9437085 2.6929020 3.9513979 4.0087900 3.9747130 3.5988342 3.9721237 3.4284953 3.8793132 3.4486183 2.7637020 2.7977871 2.7337574 3.3194212 2.9312319 3.1209574 2.9817392 3.1438717 3.0600907 3.3196947 3.3534806 3.4966740 2.9708710 2.0690502 0.0000000 1.1666967 
Aptenodytes_forsteri         1.1650597 1.1851695 1.1256694 1.1709545 1.1639431 1.1376757 1.1192903 1.4237994 1.9617168 1.7935721 1.7301880 1.8819610 2.0255332 2.0795718 2.0617422 2.0914226 2.0766724 2.0605987 2.0637689 1.8154546 2.1528657 1.8815969 1.9721199 1.9766168 1.4115528 1.4111351 1.4698791 1.5366488 1.4218821 1.4679302 1.4063259 1.4392802 1.4614447 1.4104893 1.4442041 1.5520811 1.5026133 1.3185029 1.1666967 0.0000000 
