51
Rhinatrema_bivittatum__Rhinatrema_bivittatum_                 0.0000000 2.7386928 1.9210112 5.2602243 4.0297565 3.1659265 3.3850878 2.2249898 3.0361176 2.9113449 5.7790508 6.0073335 1.4237817 1.1312925 3.3442774 3.8539757 3.4000062 5.7178943 3.7331246 4.9493406 1.3343850 1.1691475 4.8140719 4.9033901 4.4024365 3.6940062 2.5506198 2.8532477 6.4921147 4.1508828 4.9151733 5.5508330 5.0998451 1.1300698 5.1996631 0.7508902 3.5986246 5.6205115 4.8061468 3.7768095 2.7801523 4.2267105 5.1363748 4.1342765 4.2051625 3.3412547 3.9875051 3.9261495 4.7101376 5.2565898 5.6657272 
Aptendodytes_forsteri__Emperor_Penguin_                       2.7386928 0.0000000 0.3858103 6.8103560 5.7711221 5.3124100 5.6954442 1.4318138 3.7250884 3.5887023 3.0035595 3.4791784 2.1697142 2.5469422 3.7184981 5.2798150 5.5067114 2.9923858 4.1938157 8.9619018 1.7611389 2.7875955 2.9934008 4.4579628 4.6501530 6.0279960 3.1637994 2.4729945 2.3053258 6.1106743 6.6155691 4.0608996 2.3134489 2.8529037 3.0441274 2.6770125 3.7901420 2.9078279 2.6014058 5.1528686 2.4661812 4.1998219 2.6607640 4.6966843 6.1106743 4.5271172 6.2138649 5.4882547 6.0572048 2.1249983 2.4719180 
Aquila_chrysaetos__Golden_Eagle_                              1.9210112 0.3858103 0.0000000 6.4542462 4.4479324 2.7752225 2.8977218 1.6812264 2.8061451 2.1498883 5.0641698 4.9115462 1.4698329 1.5550043 3.0798735 3.9923180 2.4593582 4.0281972 3.8680762 4.6645645 1.3554918 1.5455435 4.2463892 3.1956414 4.2540905 3.1964426 2.7384891 2.4536094 4.2427145 4.4545248 4.1991389 5.0476579 4.0140715 1.5657003 4.3701581 0.9816760 3.0640754 4.7331573 4.2495595 2.6225923 2.8774981 3.4337291 3.8397541 3.7845146 4.5000252 2.8286649 5.0625280 4.1403881 4.6347777 3.5906588 3.9828258 
Acanthochromis_polyacanthus__Spiny_chromis_                   5.2602243 6.8103560 6.4542462 0.0000000 0.8156309 0.2062187 4.1049537 6.2102696 6.9811501 3.0403664 5.5978322 6.3737099 5.9296752 0.6995502 1.0447333 3.1712671 1.8004334 5.6416801 1.1335245 1.7385075 4.6030074 0.3508933 6.9290829 2.5567869 1.0599351 1.0748561 5.8108268 4.5395274 6.5513133 0.8917106 1.3045960 4.8525135 7.0743673 0.3508933 6.6304032 0.3508933 2.0438413 6.7683569 6.1236146 5.1196585 6.0105844 3.2894944 6.9387452 1.3845471 0.8917396 4.1970475 1.0039112 0.8259892 0.3287649 6.2313531 6.6211608 
Amphilophus_citrinellus__Midas_cichlid_                       4.0297565 5.7711221 4.4479324 0.8156309 0.0000000 0.4622776 1.1384809 3.5596085 4.6297430 2.2432186 6.4375359 6.4388072 4.0054624 0.4129963 0.8472048 2.6654647 1.9542282 7.1380030 0.8077936 1.2955947 3.6740471 0.0474068 6.5851413 2.0339936 0.8099408 0.7950687 4.2395624 4.3981224 8.4366539 0.2469859 0.8162628 5.3958619 7.9402902 0.0235482 6.9442823 0.0000010 1.2456525 6.4929160 7.0808665 3.7276423 3.7581095 2.3540704 7.2185626 1.0607244 0.2468737 2.1281633 0.8335444 0.7539338 0.5457454 7.0573959 7.5640624 
Amphiprion_percula__Orange_clownfish_                         3.1659265 5.3124100 2.7752225 0.2062187 0.4622776 0.0000000 0.7886135 2.0188761 2.4728337 1.5854305 6.5392360 5.2200613 2.3121472 0.4129963 0.5327764 1.6905406 1.8168664 4.9700749 0.3120844 0.7373818 2.4110537 0.1330757 4.6223945 1.4316559 0.6345544 0.2638902 2.4154011 2.9495582 6.9432676 0.3904819 0.4253396 4.6305288 6.5586391 0.1602177 4.8106335 0.0000010 0.6507088 6.7063578 5.7240835 3.2165028 2.5234871 1.0441664 5.3446433 0.4997064 0.3904819 1.5026736 0.3346958 0.3541178 0.2009974 5.1958801 5.1483949 
Anabas_testudineus__Climbing_perch_                           3.3850878 5.6954442 2.8977218 4.1049537 1.1384809 0.7886135 0.0000000 3.0603564 3.6299495 2.2096046 6.4849684 5.8085014 3.6663688 0.2886321 0.6498455 1.6853174 1.9562794 6.0079927 0.4015415 1.5955576 3.3979096 0.1373206 4.7151268 2.1356574 1.3121143 1.2709270 3.5614089 3.1377471 6.3951059 1.1644578 1.4106127 6.4954757 5.9315576 0.1653185 5.0490406 0.0756022 1.0173934 5.3844298 6.1550962 3.5521784 3.1647701 1.3004858 5.1877952 1.0956614 1.1995748 1.8694629 1.3692720 1.2605894 1.1338469 5.6112433 5.7996048 
Apteryx_owenii__Little_spotted_kiwi_                          2.2249898 1.4318138 1.6812264 6.2102696 3.5596085 2.0188761 3.0603564 0.0000000 1.1729997 2.0407170 4.0737673 4.8095834 1.5036430 1.0423798 3.6207299 4.1011963 1.5791383 4.1667628 3.4916899 5.0697988 1.7386552 0.8535603 3.7502748 3.6433832 3.9139600 2.3696594 2.5474655 2.6870319 5.0138976 3.4530135 3.1271363 5.2567141 3.6678026 0.8397660 4.0031212 0.6830424 3.1705859 3.9380259 3.7797551 2.1615402 2.7927623 4.1748672 3.8049188 3.8353010 3.5626390 2.2728780 3.6523143 3.9607889 4.1904905 3.7772741 3.8708749 
Apteryx_rowi__Okarito_brown_kiwi_                             3.0361176 3.7250884 2.8061451 6.9811501 4.6297430 2.4728337 3.6299495 1.1729997 0.0000000 2.3841848 4.1083262 3.9932434 3.0655780 1.0423798 3.7683589 3.9280649 1.6708515 3.7339850 3.4815034 4.9522725 2.9489349 0.9152407 3.6258262 4.3323545 4.1912059 2.8070732 3.6631563 2.9762723 5.5355358 4.5600008 4.4115285 5.6462499 4.2250775 0.9008473 3.6320741 0.6830424 4.0727562 3.9705927 4.4936041 2.6069538 3.5096242 6.0087252 3.5824428 4.0419695 4.7272677 2.7784720 3.7788869 4.5147646 5.1895357 3.9780540 4.5534366 
Astyanax_mexicanus__Mexican_tetra_                            2.9113449 3.5887023 2.1498883 3.0403664 2.2432186 1.5854305 2.2096046 2.0407170 2.3841848 0.0000000 5.3583369 4.5549112 2.4867884 0.6538120 1.4759978 1.6470716 1.0654268 4.8740517 1.1929199 2.8519699 2.9034241 0.4980939 3.8784240 2.4591000 2.3011492 2.0923332 2.4608074 2.0610783 5.1260265 2.2043126 2.8629078 5.9085428 4.6930524 0.4891747 4.4930009 0.4198258 2.1912841 4.3824506 4.8524106 2.9404799 2.3994235 2.6245330 4.4477698 1.9785587 2.2043126 1.1974421 2.3836332 2.1685982 2.2621414 4.0060924 4.1794316 
Bos_taurus__Cow_                                              5.7790508 3.0035595 5.0641698 5.5978322 6.4375359 6.5392360 6.4849684 4.0737673 4.1083262 5.3583369 0.0000000 0.9766457 4.3883587 2.0532663 5.6918654 5.3255357 4.9877765 0.5198370 5.7113105 8.9338268 4.0069875 2.6194110 0.7855732 6.5055284 7.6211465 6.9597431 4.4402527 3.5231624 0.8915031 7.3087452 7.0120764 1.7116021 0.7929758 2.5346902 0.7994278 2.4765736 5.5147642 1.0087493 0.7441640 4.8345986 4.5999695 5.8621238 0.8217698 6.5702857 7.1992218 5.0695811 6.1538938 5.1951172 5.8848314 0.7219454 0.7592586 
Castor_canadensis__American_beaver_                           6.0073335 3.4791784 4.9115462 6.3737099 6.4388072 5.2200613 5.8085014 4.8095834 3.9932434 4.5549112 0.9766457 0.0000000 4.0745562 4.7335918 5.2972360 5.3120750 4.8719498 0.8354603 5.2063116 6.9826285 3.6735870 2.7991970 0.7202308 6.6984318 6.9004813 5.9107158 4.2002896 4.0378015 0.6991395 6.5636032 6.3088968 1.1066895 0.9779044 2.8967927 0.7443805 2.9730177 5.6365875 0.8827657 0.8874621 5.1873294 4.8857828 6.2187134 0.7731311 6.2864897 6.4575638 5.3792263 6.3303237 5.2635983 6.0707358 0.8430748 0.8571038 
Crocodylus_porosus__Australian_saltwater_crocodile_           1.4237817 2.1697142 1.4698329 5.9296752 4.0054624 2.3121472 3.6663688 1.5036430 3.0655780 2.4867884 4.3883587 4.0745562 0.0000000 1.1312925 3.3632001 3.6551461 2.8102677 3.4604455 3.2785982 4.6363027 0.5264844 0.9290713 3.4438712 4.8490067 4.6794445 2.9074551 2.1045786 3.1429197 4.5087108 4.0244860 3.5264365 4.4380821 3.6909127 0.9149293 3.6404585 0.7508902 3.2631926 3.6865856 3.6486915 2.7406830 3.5673426 3.7072638 3.6251600 4.2333593 4.0784695 2.5233092 4.2674616 4.1458840 4.2238616 3.4509112 3.9971616 
Cynoglossus_semilaevis__Tongue_sole_                          1.1312925 2.5469422 1.5550043 0.6995502 0.4129963 0.4129963 0.2886321 1.0423798 1.0423798 0.6538120 2.0532663 4.7335918 1.1312925 0.0000000 0.2886321 0.9076283 0.6538120 2.5936558 0.2886321 0.2886321 1.1312925 0.4129963 4.2720659 0.5209556 0.5634921 0.4129963 0.7513839 0.9482137 6.0109360 0.4129963 0.4129963 2.3048522 3.7335695 0.4129963 4.9536929 0.4129963 0.2886321 3.3770663 3.3307807 1.0016518 1.1312925 0.4732097 4.2720659 0.2886321 0.4129963 1.0381235 0.4129963 0.2886321 0.2886321 3.3307807 2.5515619 
Cyprinodon_variegatus__Sheepshead_minnow_                     3.3442774 3.7184981 3.0798735 1.0447333 0.8472048 0.5327764 0.6498455 3.6207299 3.7683589 1.4759978 5.6918654 5.2972360 3.3632001 0.2886321 0.0000000 1.7870502 1.3455793 4.9883585 0.4866527 0.6305268 2.6371910 0.2906314 5.1457954 1.5928939 0.7784479 0.6590509 3.7544846 3.5010555 6.0907355 0.9809837 1.2868306 6.2301667 6.8549240 0.3122660 5.4591312 0.0756022 1.2231520 5.9999463 5.1694214 2.3277964 3.7226775 1.9424217 6.0658425 0.4408681 0.9789407 1.7176984 1.2640608 0.9025404 0.7714907 6.4443380 5.8531140 
Danio_rerio__Zebrafish_                                       3.8539757 5.2798150 3.9923180 3.1712671 2.6654647 1.6905406 1.6853174 4.1011963 3.9280649 1.6470716 5.3255357 5.3120750 3.6551461 0.9076283 1.7870502 0.0000000 1.1081795 4.9848739 1.9187528 2.7845491 3.3763434 0.5482779 4.4242343 1.7885613 2.8635120 2.2173364 2.9800737 4.1900694 6.0711122 2.8078760 2.5805807 6.4588715 6.0050079 0.5879394 4.4937535 0.4805516 2.1461796 4.7004071 6.0185614 2.7662158 3.4458617 2.8630422 4.9100456 2.5094223 2.8547158 1.7515585 3.0041684 2.5946205 2.4586030 5.5034099 5.8355861 
Electrophorus_electricus__Electric_eel_                       3.4000062 5.5067114 2.4593582 1.8004334 1.9542282 1.8168664 1.9562794 1.5791383 1.6708515 1.0654268 4.9877765 4.8719498 2.8102677 0.6538120 1.3455793 1.1081795 0.0000000 5.4665734 1.1425167 2.8048723 2.6904257 0.5746706 3.8413715 1.6632350 2.0747874 2.0684452 2.4844824 2.0400509 5.1556246 1.8476790 2.2523528 4.4812732 5.4303877 0.6135909 4.1910994 0.4198258 1.5308143 4.5669562 5.1395288 3.0293304 2.5939048 2.3376123 4.4114838 1.6234767 1.8476790 1.1210080 2.2443633 1.8150612 1.7671138 5.4591511 4.7984114 
Equus_caballus__Horse_                                        5.7178943 2.9923858 4.0281972 5.6416801 7.1380030 4.9700749 6.0079927 4.1667628 3.7339850 4.8740517 0.5198370 0.8354603 3.4604455 2.5936558 4.9883585 4.9848739 5.4665734 0.0000000 4.6603875 8.9999989 3.1978914 2.1073527 0.6226044 5.9659301 7.6951472 5.9023946 4.3235947 3.8829953 0.9379259 7.2408976 7.3161351 1.2622765 0.5554023 2.1029945 0.6548808 1.4759068 6.1778822 0.8345705 0.5524615 4.2643503 4.1726037 6.7487920 0.6586615 6.1609962 7.1301206 4.7247860 6.5420534 5.0566622 6.0863348 0.5027663 0.5692899 
Fundulus_heteroclitus__Mummichog_                             3.7331246 4.1938157 3.8680762 1.1335245 0.8077936 0.3120844 0.4015415 3.4916899 3.4815034 1.1929199 5.7113105 5.2063116 3.2785982 0.2886321 0.4866527 1.9187528 1.1425167 4.6603875 0.0000000 0.6120631 2.7715604 0.1833461 4.5593265 1.6206852 0.8502104 0.4344054 3.8220783 3.7940337 6.5474884 0.8160932 0.9916945 5.9675356 5.1852077 0.2106277 5.2220246 0.0756022 1.2817673 5.4352851 5.0557913 2.2917556 3.4559737 1.8411126 5.7763393 0.6537140 0.8142155 1.2255368 1.0969457 1.0393039 0.7200129 5.6912018 5.2509282 
Gambusia_affinis__Western_mosquitofish_                       4.9493406 8.9619018 4.6645645 1.7385075 1.2955947 0.7373818 1.5955576 5.0697988 4.9522725 2.8519699 8.9338268 6.9826285 4.6363027 0.2886321 0.6305268 2.7845491 2.8048723 8.9999989 0.6120631 0.0000000 3.8117399 0.2790474 8.1351314 2.8658132 1.2222759 1.2415116 5.2232784 4.8200304 8.9999982 1.4044471 1.8234014 5.6727938 8.9999989 0.2790474 8.8586911 0.1578980 1.7051458 8.0026844 8.0231646 5.8265579 5.0640965 2.4177029 8.2248405 0.2498966 1.4169892 3.1291416 1.3604735 1.4229534 1.1832724 8.9999983 8.9999987 
Gopherus_agassizii__Agassiz_s_desert_tortoise_                1.3343850 1.7611389 1.3554918 4.6030074 3.6740471 2.4110537 3.3979096 1.7386552 2.9489349 2.9034241 4.0069875 3.6735870 0.5264844 1.1312925 2.6371910 3.3763434 2.6904257 3.1978914 2.7715604 3.8117399 0.0000000 0.9632608 2.9809193 4.2263288 4.0157482 3.2498680 2.0766880 2.9397377 3.8157254 3.8520180 4.0701058 4.1048859 3.3470471 1.0025055 3.1910359 0.7508902 3.1687309 3.3844231 3.2637567 2.9573626 3.0438267 3.8376453 3.0520744 3.4580365 3.9538945 2.6796689 4.3194507 3.9939694 3.6592715 3.2091419 3.4537553 
Haplochromis_burtoni__Burton_s_mouthbrooder_                  1.1691475 2.7875955 1.5455435 0.3508933 0.0474068 0.1330757 0.1373206 0.8535603 0.9152407 0.4980939 2.6194110 2.7991970 0.9290713 0.4129963 0.2906314 0.5482779 0.5746706 2.1073527 0.1833461 0.2790474 0.9632608 0.0000000 2.0359902 0.4046627 0.1354583 0.2086801 0.6605942 1.0635804 3.2603635 0.0000010 0.1366380 2.8431352 2.7776102 0.0229972 2.2437432 0.0000010 0.1600335 2.6895404 2.4796525 0.9343551 0.9471386 0.3026537 2.6982044 0.1528903 0.0000010 0.5898526 0.0824337 0.1130384 0.1653185 2.2998859 2.0485138 
Homo_sapiens__Human_                                          4.8140719 2.9934008 4.2463892 6.9290829 6.5851413 4.6223945 4.7151268 3.7502748 3.6258262 3.8784240 0.7855732 0.7202308 3.4438712 4.2720659 5.1457954 4.4242343 3.8413715 0.6226044 4.5593265 8.1351314 2.9809193 2.0359902 0.0000000 5.7012954 6.5564130 5.5427654 4.6337319 3.9204145 0.7633772 6.3709904 6.2990278 1.0844558 0.7042906 2.0098601 0.0788788 2.3103600 6.2621250 0.6389698 0.6741207 4.8824439 3.9825255 5.9627919 0.1199821 5.7032242 6.2861483 3.7956745 6.1563042 4.6542052 6.0237790 0.6177377 0.6646694 
Hucho_hucho__Huchen_                                          4.9033901 4.4579628 3.1956414 2.5567869 2.0339936 1.4316559 2.1356574 3.6433832 4.3323545 2.4591000 6.5055284 6.6984318 4.8490067 0.5209556 1.5928939 1.7885613 1.6632350 5.9659301 1.6206852 2.8658132 4.2263288 0.4046627 5.7012954 0.0000000 2.3436581 2.1819956 4.3305299 3.8110950 6.3035607 2.0656446 2.1291502 6.4827533 6.7542718 0.4399097 5.9213666 0.1902120 2.0639796 6.4946922 6.6027133 2.8993591 4.1745326 3.2467061 6.1444904 1.9204537 2.0481144 2.4519041 1.9701891 2.0318273 1.9477074 6.2436169 6.2183826 
Kryptolebias_marmoratus__Mangrove_rivulus_                    4.4024365 4.6501530 4.2540905 1.0599351 0.8099408 0.6345544 1.3121143 3.9139600 4.1912059 2.3011492 7.6211465 6.9004813 4.6794445 0.5634921 0.7784479 2.8635120 2.0747874 7.6951472 0.8502104 1.2222759 4.0157482 0.1354583 6.5564130 2.3436581 0.0000000 0.9464853 5.0518414 4.1627936 8.4540643 0.9291334 1.0909386 5.6383238 7.9571769 0.1322408 6.3669887 0.0780323 1.5375665 6.1478804 7.6880019 4.5257918 3.7735418 2.4433218 7.2970127 1.1015979 0.9276078 2.1264235 0.9857643 1.0219428 0.7067416 8.1011242 7.9557098 
Lates_calcarifer__Barramundi_perch_                           3.6940062 6.0279960 3.1964426 1.0748561 0.7950687 0.2638902 1.2709270 2.3696594 2.8070732 2.0923332 6.9597431 5.9107158 2.9074551 0.4129963 0.6590509 2.2173364 2.0684452 5.9023946 0.4344054 1.2415116 3.2498680 0.2086801 5.5427654 2.1819956 0.9464853 0.0000000 3.2065838 2.8938331 8.0290998 0.6664791 0.6261376 5.8563432 6.7528065 0.2038302 5.6883858 0.0000010 0.9907162 6.4996784 6.5041182 3.4688074 2.6030771 1.4502704 5.3987026 1.0170826 0.6664791 2.0900499 0.5315752 0.4919386 0.3958586 5.6589592 5.9739788 
Latimeria_chalumnae__Coelacanth_                              2.5506198 3.1637994 2.7384891 5.8108268 4.2395624 2.4154011 3.5614089 2.5474655 3.6631563 2.4608074 4.4402527 4.2002896 2.1045786 0.7513839 3.7544846 2.9800737 2.4844824 4.3235947 3.8220783 5.2232784 2.0766880 0.6605942 4.6337319 4.3305299 5.0518414 3.2065838 0.0000000 2.7639495 4.9829953 4.1969946 3.8317007 5.0234640 4.8323115 0.7067515 4.4612080 0.4921477 3.9476364 4.4997372 4.5367206 2.5494121 3.7107127 4.8416881 4.7953585 4.2193477 4.3164682 2.6337267 4.2711517 4.3276827 4.4118909 4.6256067 4.9154370 
Lepisosteus_oculatus__Spotted_gar_                            2.8532477 2.4729945 2.4536094 4.5395274 4.3981224 2.9495582 3.1377471 2.6870319 2.9762723 2.0610783 3.5231624 4.0378015 3.1429197 0.9482137 3.5010555 4.1900694 2.0400509 3.8829953 3.7940337 4.8200304 2.9397377 1.0635804 3.9204145 3.8110950 4.1627936 2.8938331 2.7639495 0.0000000 4.5640256 4.3733043 3.9858708 6.9951009 4.2598900 1.0248186 4.1098996 0.5032078 3.5230021 4.4229517 3.8113433 2.5553903 3.4362757 3.1027456 4.0633753 3.8522357 4.3289956 2.8947825 3.5045751 3.7465849 4.4734137 4.1569603 3.6374172 
Marmota_marmota_marmota__Alpine_marmot_                       6.4921147 2.3053258 4.2427145 6.5513133 8.4366539 6.9432676 6.3951059 5.0138976 5.5355358 5.1260265 0.8915031 0.6991395 4.5087108 6.0109360 6.0907355 6.0711122 5.1556246 0.9379259 6.5474884 8.9999982 3.8157254 3.2603635 0.7633772 6.3035607 8.4540643 8.0290998 4.9829953 4.5640256 0.0000000 8.9999984 8.2639345 1.2070318 0.9004515 3.2199880 0.8011955 4.5179440 6.3718998 0.9092438 0.9083171 5.7726770 5.4156081 7.1699641 0.8157926 7.0477909 8.9765879 5.8222608 7.8337749 6.2652966 7.3257326 0.8932132 0.9182344 
Maylandia_zebra__Zebra_mbuna_                                 4.1508828 6.1106743 4.4545248 0.8917106 0.2469859 0.3904819 1.1644578 3.4530135 4.5600008 2.2043126 7.3087452 6.5636032 4.0244860 0.4129963 0.9809837 2.8078760 1.8476790 7.2408976 0.8160932 1.4044471 3.8520180 0.0000010 6.3709904 2.0656446 0.9291334 0.6664791 4.1969946 4.3733043 8.9999984 0.0000000 0.9081568 5.0284271 8.2135463 0.0229972 6.6239445 0.0000010 1.3317372 6.4999147 7.0245920 3.5704301 3.2598677 2.2605714 7.6360306 1.0877705 0.0085051 2.1603739 0.8465419 0.8609705 0.5804201 6.7365228 7.7835580 
Monopterus_albus__Swamp_eel_                                  4.9151733 6.6155691 4.1991389 1.3045960 0.8162628 0.4253396 1.4106127 3.1271363 4.4115285 2.8629078 7.0120764 6.3088968 3.5264365 0.4129963 1.2868306 2.5805807 2.2523528 7.3161351 0.9916945 1.8234014 4.0701058 0.1366380 6.2990278 2.1291502 1.0909386 0.6261376 3.8317007 3.9858708 8.2639345 0.9081568 0.0000000 5.9691939 7.9419210 0.1646036 6.0223772 0.0000010 1.6101771 6.6204071 7.2984668 4.0962693 3.1304431 1.8897042 6.7274460 1.3845279 0.9292785 2.5611441 0.6876939 0.5552681 0.7094407 6.7816608 6.8438351 
Mus_Musculus__Mouse_                                          5.5508330 4.0608996 5.0476579 4.8525135 5.3958619 4.6305288 6.4954757 5.2567141 5.6462499 5.9085428 1.7116021 1.1066895 4.4380821 2.3048522 6.2301667 6.4588715 4.4812732 1.2622765 5.9675356 5.6727938 4.1048859 2.8431352 1.0844558 6.4827533 5.6383238 5.8563432 5.0234640 6.9951009 1.2070318 5.0284271 5.9691939 0.0000000 1.5278515 2.8362928 1.1153324 2.0809774 4.5054598 1.2037941 1.3531535 7.3489549 5.5221547 6.2142681 1.0942473 5.8011180 5.0118251 6.3109501 5.8104242 5.5740540 5.1579191 1.4214979 1.5719134 
Mustela_putorius_furo__Ferret_                                5.0998451 2.3134489 4.0140715 7.0743673 7.9402902 6.5586391 5.9315576 3.6678026 4.2250775 4.6930524 0.7929758 0.9779044 3.6909127 3.7335695 6.8549240 6.0050079 5.4303877 0.5554023 5.1852077 8.9999989 3.3470471 2.7776102 0.7042906 6.7542718 7.9571769 6.7528065 4.8323115 4.2598900 0.9004515 8.2135463 7.9419210 1.5278515 0.0000000 2.7037711 0.7264941 3.0351566 6.2854319 0.9124467 0.3750363 4.4433580 4.4299692 8.1065602 0.7365120 5.9029136 8.1618203 4.7511910 6.5849946 5.9766824 7.5633530 0.2505314 0.3177122 
Neolamprologus_brichardi__Lyretail_cichlid_                   1.1300698 2.8529037 1.5657003 0.3508933 0.0235482 0.1602177 0.1653185 0.8397660 0.9008473 0.4891747 2.5346902 2.8967927 0.9149293 0.4129963 0.3122660 0.5879394 0.6135909 2.1029945 0.2106277 0.2790474 1.0025055 0.0229972 2.0098601 0.4399097 0.1322408 0.2038302 0.7067515 1.0248186 3.2199880 0.0229972 0.1646036 2.8362928 2.7037711 0.0000000 2.2149852 0.0000010 0.1876928 2.6565835 2.4734709 0.9916819 0.9130041 0.2714559 2.6623042 0.1792755 0.0229972 0.5799545 0.1103619 0.1413115 0.1935388 2.2369442 1.9890811 
Nomascus_leucogenys__Gibbon_                                  5.1996631 3.0441274 4.3701581 6.6304032 6.9442823 4.8106335 5.0490406 4.0031212 3.6320741 4.4930009 0.7994278 0.7443805 3.6404585 4.9536929 5.4591312 4.4937535 4.1910994 0.6548808 5.2220246 8.8586911 3.1910359 2.2437432 0.0788788 5.9213666 6.3669887 5.6883858 4.4612080 4.1098996 0.8011955 6.6239445 6.0223772 1.1153324 0.7264941 2.2149852 0.0000000 2.6018331 6.1351924 0.6624910 0.7197418 5.2579062 4.0705131 5.6265409 0.1289520 5.9427254 6.5348536 4.1055483 5.9462453 4.7745653 6.1418344 0.6417686 0.6841375 
Oreochromis_niloticus__Tilapia_                               0.7508902 2.6770125 0.9816760 0.3508933 0.0000010 0.0000010 0.0756022 0.6830424 0.6830424 0.4198258 2.4765736 2.9730177 0.7508902 0.4129963 0.0756022 0.4805516 0.4198258 1.4759068 0.0756022 0.1578980 0.7508902 0.0000010 2.3103600 0.1902120 0.0780323 0.0000010 0.4921477 0.5032078 4.5179440 0.0000010 0.0000010 2.0809774 3.0351566 0.0000010 2.6018331 0.0000000 0.0756022 2.5038699 2.3478788 0.5838608 0.7508902 0.1684071 2.3103600 0.0756022 0.0000010 0.6072811 0.0000010 0.0756022 0.0756022 2.3478788 1.8343924 
Oryzias_latipes__Japanese_medaka_                             3.5986246 3.7901420 3.0640754 2.0438413 1.2456525 0.6507088 1.0173934 3.1705859 4.0727562 2.1912841 5.5147642 5.6365875 3.2631926 0.2886321 1.2231520 2.1461796 1.5308143 6.1778822 1.2817673 1.7051458 3.1687309 0.1600335 6.2621250 2.0639796 1.5375665 0.9907162 3.9476364 3.5230021 6.3718998 1.3317372 1.6101771 4.5054598 6.2854319 0.1876928 6.1351924 0.0756022 0.0000000 5.4956073 6.2946393 3.5389258 3.3582547 1.7205596 6.0326906 1.4473756 1.3481977 2.0469378 1.4225816 1.6896423 1.2288042 5.9155009 7.0991964 
Otolemur_garnettii__Bushbaby_                                 5.6205115 2.9078279 4.7331573 6.7683569 6.4929160 6.7063578 5.3844298 3.9380259 3.9705927 4.3824506 1.0087493 0.8827657 3.6865856 3.3770663 5.9999463 4.7004071 4.5669562 0.8345705 5.4352851 8.0026844 3.3844231 2.6895404 0.6389698 6.4946922 6.1478804 6.4996784 4.4997372 4.4229517 0.9092438 6.4999147 6.6204071 1.2037941 0.9124467 2.6565835 0.6624910 2.5038699 5.4956073 0.0000000 0.9542979 5.7308498 5.2994177 6.9330457 0.6728179 6.1032030 6.4999147 3.9069095 6.2026842 5.3287082 6.6098389 0.9305426 0.8907776 
Panthera_tigris_altaica__Tiger_                               4.8061468 2.6014058 4.2495595 6.1236146 7.0808665 5.7240835 6.1550962 3.7797551 4.4936041 4.8524106 0.7441640 0.8874621 3.6486915 3.3307807 5.1694214 6.0185614 5.1395288 0.5524615 5.0557913 8.0231646 3.2637567 2.4796525 0.6741207 6.6027133 7.6880019 6.5041182 4.5367206 3.8113433 0.9083171 7.0245920 7.2984668 1.3531535 0.3750363 2.4734709 0.7197418 2.3478788 6.2946393 0.9542979 0.0000000 5.2268340 4.2619858 7.6197109 0.7103997 6.2651497 6.9294610 4.9596750 6.0292052 5.2978320 6.5715149 0.3390407 0.3621569 
Paramormyrops_kingsleyae__Paramormyrops_kingsleyae_           3.7768095 5.1528686 2.6225923 5.1196585 3.7276423 3.2165028 3.5521784 2.1615402 2.6069538 2.9404799 4.8345986 5.1873294 2.7406830 1.0016518 2.3277964 2.7662158 3.0293304 4.2643503 2.2917556 5.8265579 2.9573626 0.9343551 4.8824439 2.8993591 4.5257918 3.4688074 2.5494121 2.5553903 5.7726770 3.5704301 4.0962693 7.3489549 4.4433580 0.9916819 5.2579062 0.5838608 3.5389258 5.7308498 5.2268340 0.0000000 3.4415356 4.0481777 5.4403130 4.1584192 3.5704301 3.3059943 3.6576062 3.1579985 3.7102871 4.9617118 5.0091031 
Pelodiscus_sinensis__Chinese_softshell_turtle_                2.7801523 2.4661812 2.8774981 6.0105844 3.7581095 2.5234871 3.1647701 2.7927623 3.5096242 2.3994235 4.5999695 4.8857828 3.5673426 1.1312925 3.7226775 3.4458617 2.5939048 4.1726037 3.4559737 5.0640965 3.0438267 0.9471386 3.9825255 4.1745326 3.7735418 2.6030771 3.7107127 3.4362757 5.4156081 3.2598677 3.1304431 5.5221547 4.4299692 0.9130041 4.0705131 0.7508902 3.3582547 5.2994177 4.2619858 3.4415356 0.0000000 4.1127730 4.4568127 4.1368488 3.3045716 2.4875857 3.8808704 4.0183985 3.4332183 4.3233957 4.4859657 
Periophthalmus_magnuspinnatus__Periophthalmus_magnuspinnatus_ 4.2267105 4.1998219 3.4337291 3.2894944 2.3540704 1.0441664 1.3004858 4.1748672 6.0087252 2.6245330 5.8621238 6.2187134 3.7072638 0.4732097 1.9424217 2.8630422 2.3376123 6.7487920 1.8411126 2.4177029 3.8376453 0.3026537 5.9627919 3.2467061 2.4433218 1.4502704 4.8416881 3.1027456 7.1699641 2.2605714 1.8897042 6.2142681 8.1065602 0.2714559 5.6265409 0.1684071 1.7205596 6.9330457 7.6197109 4.0481777 4.1127730 0.0000000 6.3649593 2.0300496 2.2753393 2.3039043 2.1314388 2.0602198 1.9499927 7.9722167 8.0498763 
Piliocolobus_tephrosceles__Ugandan_red_Colobus_               5.1363748 2.6607640 3.8397541 6.9387452 7.2185626 5.3446433 5.1877952 3.8049188 3.5824428 4.4477698 0.8217698 0.7731311 3.6251600 4.2720659 6.0658425 4.9100456 4.4114838 0.6586615 5.7763393 8.2248405 3.0520744 2.6982044 0.1199821 6.1444904 7.2970127 5.3987026 4.7953585 4.0633753 0.8157926 7.6360306 6.7274460 1.0942473 0.7365120 2.6623042 0.1289520 2.3103600 6.0326906 0.6728179 0.7103997 5.4403130 4.4568127 6.3649593 0.0000000 6.2637804 7.5220660 4.1252325 6.5895798 5.1851468 6.7187537 0.6532123 0.6892606 
Poecilia_reticulata__Guppy_                                   4.1342765 4.6966843 3.7845146 1.3845471 1.0607244 0.4997064 1.0956614 3.8353010 4.0419695 1.9785587 6.5702857 6.2864897 4.2333593 0.2886321 0.4408681 2.5094223 1.6234767 6.1609962 0.6537140 0.2498966 3.4580365 0.1528903 5.7032242 1.9204537 1.1015979 1.0170826 4.2193477 3.8522357 7.0477909 1.0877705 1.3845279 5.8011180 5.9029136 0.1792755 5.9427254 0.0756022 1.4473756 6.1032030 6.2651497 4.1584192 4.1368488 2.0300496 6.2637804 0.0000000 1.0859761 2.2533350 1.2730915 1.2021092 0.9076440 6.8797476 6.6199554 
Pundamilia_nyererei__Makobe_Island_cichlid_                   4.2051625 6.1106743 4.5000252 0.8917396 0.2468737 0.3904819 1.1995748 3.5626390 4.7272677 2.2043126 7.1992218 6.4575638 4.0784695 0.4129963 0.9789407 2.8547158 1.8476790 7.1301206 0.8142155 1.4169892 3.9538945 0.0000010 6.2861483 2.0481144 0.9276078 0.6664791 4.3164682 4.3289956 8.9765879 0.0085051 0.9292785 5.0118251 8.1618203 0.0229972 6.5348536 0.0000010 1.3481977 6.4999147 6.9294610 3.5704301 3.3045716 2.2753393 7.5220660 1.0859761 0.0000000 2.1603739 0.8465158 0.8609597 0.5802455 6.6438886 7.6712671 
Pygocentrus_nattereri__Red-bellied_piranha_                   3.3412547 4.5271172 2.8286649 4.1970475 2.1281633 1.5026736 1.8694629 2.2728780 2.7784720 1.1974421 5.0695811 5.3792263 2.5233092 1.0381235 1.7176984 1.7515585 1.1210080 4.7247860 1.2255368 3.1291416 2.6796689 0.5898526 3.7956745 2.4519041 2.1264235 2.0900499 2.6337267 2.8947825 5.8222608 2.1603739 2.5611441 6.3109501 4.7511910 0.5799545 4.1055483 0.6072811 2.0469378 3.9069095 4.9596750 3.3059943 2.4875857 2.3039043 4.1252325 2.2533350 2.1603739 0.0000000 2.2300991 2.3222412 2.3151211 4.1845778 4.6734575 
Scophthalmus_maximus__Turbot_                                 3.9875051 6.2138649 5.0625280 1.0039112 0.8335444 0.3346958 1.3692720 3.6523143 3.7788869 2.3836332 6.1538938 6.3303237 4.2674616 0.4129963 1.2640608 3.0041684 2.2443633 6.5420534 1.0969457 1.3604735 4.3194507 0.0824337 6.1563042 1.9701891 0.9857643 0.5315752 4.2711517 3.5045751 7.8337749 0.8465419 0.6876939 5.8104242 6.5849946 0.1103619 5.9462453 0.0000010 1.4225816 6.2026842 6.0292052 3.6576062 3.8808704 2.1314388 6.5895798 1.2730915 0.8465158 2.2300991 0.0000000 0.5439570 0.6675828 6.1181589 6.2200005 
Seriola_dumerili__Greater_amberjack_                          3.9261495 5.4882547 4.1403881 0.8259892 0.7539338 0.3541178 1.2605894 3.9607889 4.5147646 2.1685982 5.1951172 5.2635983 4.1458840 0.2886321 0.9025404 2.5946205 1.8150612 5.0566622 1.0393039 1.4229534 3.9939694 0.1130384 4.6542052 2.0318273 1.0219428 0.4919386 4.3276827 3.7465849 6.2652966 0.8609705 0.5552681 5.5740540 5.9766824 0.1413115 4.7745653 0.0756022 1.6896423 5.3287082 5.2978320 3.1579985 4.0183985 2.0602198 5.1851468 1.2021092 0.8609597 2.3222412 0.5439570 0.0000000 0.5824221 5.6097114 5.5028469 
Stegastes_partitus__Bicolor_damselfish_                       4.7101376 6.0572048 4.6347777 0.3287649 0.5457454 0.2009974 1.1338469 4.1904905 5.1895357 2.2621414 5.8848314 6.0707358 4.2238616 0.2886321 0.7714907 2.4586030 1.7671138 6.0863348 0.7200129 1.1832724 3.6592715 0.1653185 6.0237790 1.9477074 0.7067416 0.3958586 4.4118909 4.4734137 7.3257326 0.5804201 0.7094407 5.1579191 7.5633530 0.1935388 6.1418344 0.0756022 1.2288042 6.6098389 6.5715149 3.7102871 3.4332183 1.9499927 6.7187537 0.9076440 0.5802455 2.3151211 0.6675828 0.5824221 0.0000000 6.6223164 6.8184374 
Ursus_maritimus__Polar_bear_                                  5.2565898 2.1249983 3.5906588 6.2313531 7.0573959 5.1958801 5.6112433 3.7772741 3.9780540 4.0060924 0.7219454 0.8430748 3.4509112 3.3307807 6.4443380 5.5034099 5.4591511 0.5027663 5.6912018 8.9999983 3.2091419 2.2998859 0.6177377 6.2436169 8.1011242 5.6589592 4.6256067 4.1569603 0.8932132 6.7365228 6.7816608 1.4214979 0.2505314 2.2369442 0.6417686 2.3478788 5.9155009 0.9305426 0.3390407 4.9617118 4.3233957 7.9722167 0.6532123 6.8797476 6.6438886 4.1845778 6.1181589 5.6097114 6.6223164 0.0000000 0.2985144 
Vulpes_vulpes__Red_fox_                                       5.6657272 2.4719180 3.9828258 6.6211608 7.5640624 5.1483949 5.7996048 3.8708749 4.5534366 4.1794316 0.7592586 0.8571038 3.9971616 2.5515619 5.8531140 5.8355861 4.7984114 0.5692899 5.2509282 8.9999987 3.4537553 2.0485138 0.6646694 6.2183826 7.9557098 5.9739788 4.9154370 3.6374172 0.9182344 7.7835580 6.8438351 1.5719134 0.3177122 1.9890811 0.6841375 1.8343924 7.0991964 0.8907776 0.3621569 5.0091031 4.4859657 8.0498763 0.6892606 6.6199554 7.6712671 4.6734575 6.2200005 5.5028469 6.8184374 0.2985144 0.0000000 
