35
XP_011587093.1 0.0000000 1.5522223 2.3883842 2.4004093 2.3991102 2.3811439 2.3334170 2.4666815 2.3718189 2.5817657 2.2358160 2.4656236 2.4802988 2.4363391 2.2734057 1.8755294 2.2029118 2.3645929 2.8309716 2.7364737 2.8167522 2.7067845 2.1407967 2.6852048 2.7557858 2.7757586 2.7557858 2.7648396 2.6478195 2.6603992 2.2650976 3.1940209 1.6559858 2.7969257 1.7115692 
XP_019326690.1 1.5522223 0.0000000 1.1087188 1.0911184 1.1243134 1.1449671 1.0670269 1.1299738 1.0477632 1.0295178 1.0159984 1.1456639 1.0329215 1.1241242 1.1421933 0.9425106 0.8832413 1.1117132 1.4126267 1.3260397 1.2568963 1.3502863 1.3773204 1.4854473 1.4643647 1.4692430 1.4652324 1.4529117 1.3899802 1.5545634 1.3124746 1.4843027 0.8993846 1.4306288 0.8727396 
NP_001009992.1 2.3883842 1.1087188 0.0000000 0.0395304 0.0604088 0.2789810 0.2858595 0.3233759 0.3081326 0.3276276 0.2878543 0.3818854 0.3008536 0.3497122 0.4903459 1.2181412 1.4425275 1.3471591 2.1778393 1.7584975 1.9117385 2.0398637 1.7993039 2.1899201 2.2641090 2.2412314 2.2850769 2.2036829 2.1612079 2.3571686 1.9350119 2.1795934 1.2614504 2.0233510 1.6950064 
XP_003264475.1 2.4004093 1.0911184 0.0395304 0.0000000 0.0664944 0.2900064 0.2972187 0.3339865 0.3186102 0.3474839 0.3017679 0.3891645 0.3203341 0.3617553 0.5032894 1.2291032 1.4921273 1.3553834 2.1871314 1.7932531 1.9471039 1.9957844 1.7752678 2.1390989 2.2475252 2.2249353 2.2682691 2.1943631 2.1163650 2.2949950 1.8664648 2.2150036 1.2513523 2.1052745 1.7689658 
XP_023059151.2 2.3991102 1.1243134 0.0604088 0.0664944 0.0000000 0.2953442 0.2991901 0.3333377 0.3248931 0.3401731 0.3076539 0.3974692 0.3291898 0.3689504 0.4989062 1.2657284 1.5194177 1.3712493 2.2106061 1.7535802 1.9058498 2.0253538 1.7901229 2.1935728 2.2178252 2.2097276 2.2532222 2.1722967 2.1214118 2.3222200 1.8991727 2.2052950 1.2978879 2.0548610 1.7302701 
XP_003785695.1 2.3811439 1.1449671 0.2789810 0.2900064 0.2953442 0.0000000 0.3967053 0.3955904 0.3856784 0.4089756 0.3606480 0.4545272 0.3482931 0.3793993 0.5079229 1.2895184 1.5336994 1.4064186 2.1921589 1.8020897 1.9302456 2.0151740 1.8578026 2.2358301 2.2707007 2.2269743 2.2375262 2.1981482 2.1126115 2.1311219 1.7470826 2.1344939 1.3020150 2.1205142 1.7006480 
XP_008699351.1 2.3334170 1.0670269 0.2858595 0.2972187 0.2991901 0.3967053 0.0000000 0.1198268 0.1406907 0.1590908 0.2316224 0.3440980 0.3714960 0.3892889 0.6007189 1.2898218 1.5511449 1.4537176 2.2401890 1.8825492 1.9827447 2.0354221 1.8666290 2.2909055 2.3255147 2.3378055 2.3836535 2.2989701 2.2881447 2.2830984 1.8574982 2.1787141 1.3741636 2.1007585 1.6877894 
XP_004767958.1 2.4666815 1.1299738 0.3233759 0.3339865 0.3333377 0.3955904 0.1198268 0.0000000 0.1546089 0.1808640 0.2583001 0.3741042 0.3842527 0.4282972 0.6362364 1.2736688 1.6198503 1.4597462 2.3411135 1.9029000 2.0329435 2.1198109 1.9557404 2.3507925 2.3959016 2.3776101 2.4242325 2.3383377 2.3391649 2.4588864 1.9421798 2.2565530 1.4198164 2.1357881 1.7519668 
XP_025856853.1 2.3718189 1.0477632 0.3081326 0.3186102 0.3248931 0.3856784 0.1406907 0.1546089 0.0000000 0.1731459 0.2612189 0.3541494 0.3773553 0.4024736 0.6281047 1.2828509 1.6061827 1.4827028 2.2412822 1.8291960 2.0086458 1.9952207 1.8316379 2.2145053 2.3184009 2.3495434 2.3477855 2.2272100 2.2935243 2.3446489 1.8036876 2.1920510 1.4180748 2.1433635 1.7661092 
XP_007096264.1 2.5817657 1.0295178 0.3276276 0.3474839 0.3401731 0.4089756 0.1590908 0.1808640 0.1731459 0.0000000 0.2444138 0.3540459 0.4005925 0.4112349 0.5794045 1.2669623 1.6179394 1.5033445 2.2815755 1.8417621 1.9871944 2.1374201 1.9190004 2.3717286 2.3787977 2.3608984 2.4064755 2.3249538 2.3452790 2.3988786 1.9555189 2.2141799 1.4679781 2.1846121 1.7623550 
NP_001243856.2 2.2358160 1.0159984 0.2878543 0.3017679 0.3076539 0.3606480 0.2316224 0.2583001 0.2612189 0.2444138 0.0000000 0.2613317 0.3804894 0.3857254 0.5454232 1.2756738 1.5299294 1.4391879 2.1756195 1.8699235 1.9548869 2.0426614 1.8368883 2.2776060 2.2896774 2.2851029 2.3194669 2.2136577 2.1813788 2.3018433 1.8982118 2.2705924 1.2531607 2.0852080 1.6836436 
XP_002694251.1 2.4656236 1.1456639 0.3818854 0.3891645 0.3974692 0.4545272 0.3440980 0.3741042 0.3541494 0.3540459 0.2613317 0.0000000 0.4073895 0.4678187 0.6640068 1.3613974 1.5573789 1.4140813 2.3089699 1.8648196 1.9800038 2.0877621 1.8814126 2.3710239 2.2729996 2.2531288 2.2660857 2.2141215 2.2335744 2.4003422 2.0331091 2.3132945 1.2808564 2.1614010 1.5886106 
XP_015347534.1 2.4802988 1.0329215 0.3008536 0.3203341 0.3291898 0.3482931 0.3714960 0.3842527 0.3773553 0.4005925 0.3804894 0.4073895 0.0000000 0.3290048 0.5139440 1.3772694 1.5985213 1.4685658 2.2551143 1.8979212 1.9772217 2.1896524 2.0000377 2.2661406 2.2483182 2.2311289 2.2414763 2.1945376 2.2317802 2.4380126 1.9214433 2.2108904 1.4712575 2.1252162 1.8289640 
XP_020010330.1 2.4363391 1.1241242 0.3497122 0.3617553 0.3689504 0.3793993 0.3892889 0.4282972 0.4024736 0.4112349 0.3857254 0.4678187 0.3290048 0.0000000 0.5094437 1.3279173 1.5427671 1.3962952 2.0831957 1.7122844 1.8506420 1.8856641 1.7719565 2.0839600 2.0973363 2.0789988 2.0408544 2.0605049 2.0402066 2.2045067 1.8146363 2.0558633 1.3118609 1.9390859 1.7277759 
NP_001191837.1 2.2734057 1.1421933 0.4903459 0.5032894 0.4989062 0.5079229 0.6007189 0.6362364 0.6281047 0.5794045 0.5454232 0.6640068 0.5139440 0.5094437 0.0000000 1.3065335 1.6303955 1.4632400 2.0990540 1.7538092 1.8225957 1.8547809 1.7876722 2.0393444 2.1049295 2.0850469 2.0964207 2.0598712 1.9665959 2.4738950 1.7265075 2.1830155 1.2916047 1.9364708 1.6495357 
XP_019386498.1 1.8755294 0.9425106 1.2181412 1.2291032 1.2657284 1.2895184 1.2898218 1.2736688 1.2828509 1.2669623 1.2756738 1.3613974 1.3772694 1.3279173 1.3065335 0.0000000 0.7284513 0.8746589 1.9772510 1.6761668 1.7515462 1.7342183 1.5707665 1.9497104 2.0417920 2.0074554 2.0322168 1.9918183 1.9808364 2.0029941 1.7255605 1.9432691 1.0536235 2.1818267 1.1955086 
XP_029474736.1 2.2029118 0.8832413 1.4425275 1.4921273 1.5194177 1.5336994 1.5511449 1.6198503 1.6061827 1.6179394 1.5299294 1.5573789 1.5985213 1.5427671 1.6303955 0.7284513 0.0000000 0.9339915 2.1086438 1.8597389 1.9081803 1.8638849 1.5742832 2.0195515 2.0957048 2.0556676 2.0855534 2.0685830 2.1205596 2.1347833 1.8537131 1.8463587 1.2007359 1.9998868 1.3032553 
XP_006009790.1 2.3645929 1.1117132 1.3471591 1.3553834 1.3712493 1.4064186 1.4537176 1.4597462 1.4827028 1.5033445 1.4391879 1.4140813 1.4685658 1.3962952 1.4632400 0.8746589 0.9339915 0.0000000 2.1085440 1.7274398 1.8045660 1.8755242 1.6203752 2.0933589 2.0563673 2.0271551 2.0505052 2.0239631 2.2578987 2.3425915 1.7041762 1.7787201 1.1067176 2.0153878 1.3077023 
XP_008406008.1 2.8309716 1.4126267 2.1778393 2.1871314 2.2106061 2.1921589 2.2401890 2.3411135 2.2412822 2.2815755 2.1756195 2.3089699 2.2551143 2.0831957 2.0990540 1.9772510 2.1086438 2.1085440 0.0000000 0.1657081 0.2120676 0.5523244 0.4253655 0.4213956 0.5446655 0.5447170 0.5348964 0.5427178 0.4388870 0.9286667 0.7774796 1.1831468 1.0580963 1.2217630 1.5333342 
XP_021165050.1 2.7364737 1.3260397 1.7584975 1.7932531 1.7535802 1.8020897 1.8825492 1.9029000 1.8291960 1.8417621 1.8699235 1.8648196 1.8979212 1.7122844 1.7538092 1.6761668 1.8597389 1.7274398 0.1657081 0.0000000 0.2164179 0.4051221 0.2843372 0.3298361 0.3997230 0.3999722 0.3912106 0.3755392 0.3038551 0.7434231 0.5367987 1.0114450 0.9731088 1.1335323 1.1704206 
XP_015241009.1 2.8167522 1.2568963 1.9117385 1.9471039 1.9058498 1.9302456 1.9827447 2.0329435 2.0086458 1.9871944 1.9548869 1.9800038 1.9772217 1.8506420 1.8225957 1.7515462 1.9081803 1.8045660 0.2120676 0.2164179 0.0000000 0.4528897 0.3292244 0.3609551 0.4636060 0.4637450 0.4580835 0.4487105 0.3496502 0.7403359 0.6062403 1.0714661 1.0207718 1.1746483 1.1798475 
XP_026201462.1 2.7067845 1.3502863 2.0398637 1.9957844 2.0253538 2.0151740 2.0354221 2.1198109 1.9952207 2.1374201 2.0426614 2.0877621 2.1896524 1.8856641 1.8547809 1.7342183 1.8638849 1.8755242 0.5523244 0.4051221 0.4528897 0.0000000 0.2309109 0.3232116 0.4459779 0.4519250 0.4386645 0.4302891 0.4523708 0.6976228 0.6612456 1.0993563 0.8952881 1.2889784 1.4937752 
XP_022071645.1 2.1407967 1.3773204 1.7993039 1.7752678 1.7901229 1.8578026 1.8666290 1.9557404 1.8316379 1.9190004 1.8368883 1.8814126 2.0000377 1.7719565 1.7876722 1.5707665 1.5742832 1.6203752 0.4253655 0.2843372 0.3292244 0.2309109 0.0000000 0.1124371 0.2808522 0.2811684 0.2729061 0.2699910 0.3338050 0.6253323 0.6134122 1.0355413 0.8291030 1.0794682 1.1966860 
XP_008295215.1 2.6852048 1.4854473 2.1899201 2.1390989 2.1935728 2.2358301 2.2909055 2.3507925 2.2145053 2.3717286 2.2776060 2.3710239 2.2661406 2.0839600 2.0393444 1.9497104 2.0195515 2.0933589 0.4213956 0.3298361 0.3609551 0.3232116 0.1124371 0.0000000 0.3072542 0.3075719 0.2996270 0.2916869 0.3455472 0.7590722 0.6751496 1.2106734 1.0064000 1.3173500 1.5063702 
XP_005727304.1 2.7557858 1.4643647 2.2641090 2.2475252 2.2178252 2.2707007 2.3255147 2.3959016 2.3184009 2.3787977 2.2896774 2.2729996 2.2483182 2.0973363 2.1049295 2.0417920 2.0957048 2.0563673 0.5446655 0.3997230 0.4636060 0.4459779 0.2808522 0.3072542 0.0000000 0.0081737 0.0123986 0.0316574 0.4550116 0.8815390 0.7273047 1.2236767 1.0647635 1.4014957 1.4884968 
XP_004552969.1 2.7757586 1.4692430 2.2412314 2.2249353 2.2097276 2.2269743 2.3378055 2.3776101 2.3495434 2.3608984 2.2851029 2.2531288 2.2311289 2.0789988 2.0850469 2.0074554 2.0556676 2.0271551 0.5447170 0.3999722 0.4637450 0.4519250 0.2811684 0.3075719 0.0081737 0.0000000 0.0124066 0.0316789 0.4551483 0.8944493 0.7266319 1.2140272 1.0649700 1.3891895 1.4978363 
XP_005919896.1 2.7557858 1.4652324 2.2850769 2.2682691 2.2532222 2.2375262 2.3836535 2.4242325 2.3477855 2.4064755 2.3194669 2.2660857 2.2414763 2.0408544 2.0964207 2.0322168 2.0855534 2.0505052 0.5348964 0.3912106 0.4580835 0.4386645 0.2729061 0.2996270 0.0123986 0.0124066 0.0000000 0.0318072 0.4377139 0.8986928 0.7320130 1.2175189 1.0598343 1.3913495 1.5006490 
XP_005451194.1 2.7648396 1.4529117 2.2036829 2.1943631 2.1722967 2.1981482 2.2989701 2.3383377 2.2272100 2.3249538 2.2136577 2.2141215 2.1945376 2.0605049 2.0598712 1.9918183 2.0685830 2.0239631 0.5427178 0.3755392 0.4487105 0.4302891 0.2699910 0.2916869 0.0316574 0.0316789 0.0318072 0.0000000 0.4375999 0.8727752 0.7089493 1.1928588 1.0741946 1.3828346 1.4655987 
XP_017289194.1 2.6478195 1.3899802 2.1612079 2.1163650 2.1214118 2.1126115 2.2881447 2.3391649 2.2935243 2.3452790 2.1813788 2.2335744 2.2317802 2.0402066 1.9665959 1.9808364 2.1205596 2.2578987 0.4388870 0.3038551 0.3496502 0.4523708 0.3338050 0.3455472 0.4550116 0.4551483 0.4377139 0.4375999 0.0000000 0.9104117 0.7159685 1.2566012 1.0932366 1.4449066 1.6126187 
XP_008335129.1 2.6603992 1.5545634 2.3571686 2.2949950 2.3222200 2.1311219 2.2830984 2.4588864 2.3446489 2.3988786 2.3018433 2.4003422 2.4380126 2.2045067 2.4738950 2.0029941 2.1347833 2.3425915 0.9286667 0.7434231 0.7403359 0.6976228 0.6253323 0.7590722 0.8815390 0.8944493 0.8986928 0.8727752 0.9104117 0.0000000 0.8825106 1.4104735 1.0491668 1.6379107 1.6650726 
XP_004068312.1 2.2650976 1.3124746 1.9350119 1.8664648 1.8991727 1.7470826 1.8574982 1.9421798 1.8036876 1.9555189 1.8982118 2.0331091 1.9214433 1.8146363 1.7265075 1.7255605 1.8537131 1.7041762 0.7774796 0.5367987 0.6062403 0.6612456 0.6134122 0.6751496 0.7273047 0.7266319 0.7320130 0.7089493 0.7159685 0.8825106 0.0000000 1.1329089 0.9789946 1.3882171 1.1848468 
XP_021332776.1 3.1940209 1.4843027 2.1795934 2.2150036 2.2052950 2.1344939 2.1787141 2.2565530 2.1920510 2.2141799 2.2705924 2.3132945 2.2108904 2.0558633 2.1830155 1.9432691 1.8463587 1.7787201 1.1831468 1.0114450 1.0714661 1.0993563 1.0355413 1.2106734 1.2236767 1.2140272 1.2175189 1.1928588 1.2566012 1.4104735 1.1329089 0.0000000 1.1119505 0.7764668 1.3890917 
XP_023672427.1 1.6559858 0.8993846 1.2614504 1.2513523 1.2978879 1.3020150 1.3741636 1.4198164 1.4180748 1.4679781 1.2531607 1.2808564 1.4712575 1.3118609 1.2916047 1.0536235 1.2007359 1.1067176 1.0580963 0.9731088 1.0207718 0.8952881 0.8291030 1.0064000 1.0647635 1.0649700 1.0598343 1.0741946 1.0932366 1.0491668 0.9789946 1.1119505 0.0000000 1.2744378 0.9936106 
XP_007253506.2 2.7969257 1.4306288 2.0233510 2.1052745 2.0548610 2.1205142 2.1007585 2.1357881 2.1433635 2.1846121 2.0852080 2.1614010 2.1252162 1.9390859 1.9364708 2.1818267 1.9998868 2.0153878 1.2217630 1.1335323 1.1746483 1.2889784 1.0794682 1.3173500 1.4014957 1.3891895 1.3913495 1.3828346 1.4449066 1.6379107 1.3882171 0.7764668 1.2744378 0.0000000 1.3595607 
XP_015210642.1 1.7115692 0.8727396 1.6950064 1.7689658 1.7302701 1.7006480 1.6877894 1.7519668 1.7661092 1.7623550 1.6836436 1.5886106 1.8289640 1.7277759 1.6495357 1.1955086 1.3032553 1.3077023 1.5333342 1.1704206 1.1798475 1.4937752 1.1966860 1.5063702 1.4884968 1.4978363 1.5006490 1.4655987 1.6126187 1.6650726 1.1848468 1.3890917 0.9936106 1.3595607 0.0000000 
