42
Callithrix                   0.0000000 0.1189700 1.6696727 1.3963663 1.4332300 1.4349599 1.4379687 1.1817443 1.3877101 1.7456974 1.5810396 2.6243464 2.1724404 2.2107310 2.5995483 2.2871800 2.7802521 2.6721056 1.5879620 2.6878760 2.6898779 2.7031838 2.9050015 3.1138696 2.5704104 2.6853993 2.5187819 0.1168293 0.1288627 0.1262038 0.3387585 0.3306156 0.3689345 0.3378965 0.3599316 0.3339945 0.4460716 0.4087537 0.4190936 0.5433880 1.9267869 2.9804654 
Pan                          0.1189700 0.0000000 1.5936746 1.3163234 1.3461651 1.3430560 1.3464935 1.1285901 1.3120573 1.7229409 1.5700960 2.5072128 2.0187781 2.1411243 2.6557913 2.3049584 2.8002584 2.5808510 1.5644028 2.5955730 2.6052203 2.6116223 2.8395570 3.0584259 2.4929736 2.5141864 2.4716286 0.0164028 0.0376675 0.0626685 0.2884009 0.2784323 0.3146475 0.3058058 0.3101707 0.2898957 0.3949512 0.3273464 0.3536663 0.5112490 1.8241311 2.8046082 
Apteryx                      1.6696727 1.5936746 0.0000000 0.7607915 0.7844600 0.7763240 0.7701855 0.6155634 0.6597066 1.0534623 1.1661713 2.1161344 1.8871677 1.8200551 2.1575995 1.7345631 2.1542729 2.0803280 1.1933369 2.0900841 2.0766541 2.0674538 2.2953686 2.3511312 2.0318239 2.1752648 1.7181235 1.6256942 1.6109057 1.6003224 1.5728327 1.5903897 1.6898121 1.6702144 1.6615455 1.6152914 1.5767302 1.8454576 1.7828827 1.6175680 1.2423255 1.1713656 
Terrapene_carolina_triunguis 1.3963663 1.3163234 0.7607915 0.0000000 0.0137515 0.0367346 0.1595039 0.2492091 0.2725951 0.6792364 0.9094661 2.1504728 1.7169560 1.7140569 2.0189348 1.7820352 2.2561814 2.2176540 1.2932832 2.1835623 2.1768085 2.1773624 2.2198637 2.3305941 2.0103492 2.4133130 2.0974650 1.3393097 1.3688286 1.3714408 1.4082253 1.3057906 1.3878843 1.3796155 1.3574651 1.3512598 1.4192646 1.4882014 1.4586615 1.4472748 1.6300172 1.7171618 
Chrysemys_picta_bellii       1.4332300 1.3461651 0.7844600 0.0137515 0.0000000 0.0527580 0.1714852 0.2473483 0.2808737 0.6759610 0.9316806 2.1701315 1.7366771 1.7333025 2.0503401 1.7908219 2.2685103 2.2376821 1.2945158 2.1910007 2.1945644 2.1867256 2.2401736 2.3466901 2.0245228 2.4247118 2.1210873 1.3696800 1.4048982 1.3936093 1.4311815 1.3387230 1.4249923 1.4135343 1.3898930 1.3559017 1.4234466 1.5193771 1.4978641 1.4683441 1.6383821 1.7708140 
Chelonia_mydas               1.4349599 1.3430560 0.7763240 0.0367346 0.0527580 0.0000000 0.1649676 0.2480620 0.2797203 0.6840926 0.9153053 2.1470088 1.7058353 1.7048354 1.9943855 1.7436840 2.2107298 2.2245032 1.2976587 2.1883901 2.1816207 2.1821729 2.1945545 2.3430925 2.0117440 2.3791634 2.1173740 1.3665323 1.3988050 1.3993732 1.4324068 1.3421282 1.4097247 1.4153491 1.3886563 1.3571640 1.4452466 1.4823698 1.4853758 1.4628024 1.6402842 1.7330173 
Pelodiscus_sinensis          1.4379687 1.3464935 0.7701855 0.1595039 0.1714852 0.1649676 0.0000000 0.3235704 0.3413113 0.6763677 0.8810217 2.1929788 1.7289374 1.7369896 2.0173472 1.7401457 2.2354480 2.2041520 1.2898041 2.1679236 2.1611820 2.1511710 2.2064836 2.3385836 2.0507438 2.3255349 1.9745371 1.3721905 1.4121587 1.4073383 1.4590848 1.3715857 1.4831918 1.4765540 1.4098920 1.4456307 1.5087853 1.4824855 1.5183358 1.4129648 1.4897924 1.8240877 
Alligator_sinensis           1.1817443 1.1285901 0.6155634 0.2492091 0.2473483 0.2480620 0.3235704 0.0000000 0.0523344 0.7182811 0.8210830 1.8627050 1.6980129 1.6941377 2.0149294 1.5852911 2.0131381 1.9955580 1.1757226 1.9723879 1.9877258 1.9681183 2.0971541 1.9950755 1.7693618 2.2749590 2.1914485 1.1401709 1.1935180 1.1799683 1.2658056 1.1585966 1.2133720 1.2493445 1.1743723 1.1588844 1.1869921 1.2976509 1.2768582 1.1883694 1.3759858 1.6801352 
Crocodylus_porosus           1.3877101 1.3120573 0.6597066 0.2725951 0.2808737 0.2797203 0.3413113 0.0523344 0.0000000 0.8313726 0.9388766 2.0764146 1.7406685 1.7456439 2.1086245 1.7684723 2.1715372 2.2167405 1.2372730 2.1801940 2.1733665 2.1527727 2.3237453 2.1051051 1.9543837 2.3806141 2.2375336 1.3358300 1.3565680 1.3577480 1.4203232 1.2923004 1.3693989 1.3999355 1.3370533 1.3458557 1.3796748 1.5064540 1.4838343 1.4145961 1.4885531 1.6700566 
Rhinatrema_bivittatum        1.7456974 1.7229409 1.0534623 0.6792364 0.6759610 0.6840926 0.6763677 0.7182811 0.8313726 0.0000000 1.0960720 2.2653731 2.0596550 1.9736056 2.2422897 1.9094629 2.3095290 2.3320611 1.3808120 2.2873069 2.3059776 2.2983531 2.3450034 2.7011834 2.2266549 2.4673767 2.2304389 1.7700698 1.7775605 1.7620310 1.6868038 1.7673442 1.7943151 1.7697329 1.7959958 1.7407632 1.7834432 1.8372284 1.7531234 1.7330901 1.6695480 2.0783398 
Latimeria_chalumnae          1.5810396 1.5700960 1.1661713 0.9094661 0.9316806 0.9153053 0.8810217 0.8210830 0.9388766 1.0960720 0.0000000 2.4374349 1.9602562 1.9503632 2.1151103 1.6963560 2.2813124 2.2132820 1.2997668 2.1831689 2.1955435 2.1889680 2.5897865 2.8440892 2.1266290 2.2622348 2.1899706 1.5955573 1.5618201 1.6312151 1.6520915 1.7375273 1.7754068 1.7398390 1.7428612 1.6416135 1.6222529 1.7673574 1.5955411 1.7410432 1.4194752 2.4297853 
Poecilia_reticulata          2.6243464 2.5072128 2.1161344 2.1504728 2.1701315 2.1470088 2.1929788 1.8627050 2.0764146 2.2653731 2.4374349 0.0000000 0.1668688 0.2140700 0.5493924 0.4371024 0.4425341 0.5724905 0.3119398 0.5723391 0.5624606 0.5742423 0.4300578 0.9196633 0.8451011 1.3499897 1.5286559 2.5300023 2.5849529 2.5823135 2.6412260 2.6323639 2.7298999 2.6735008 2.7408604 2.6209687 2.8594563 2.7705177 2.5188198 2.5411871 2.1864201 3.7387782 
Fundulus_heteroclitus        2.1724404 2.0187781 1.8871677 1.7169560 1.7366771 1.7058353 1.7289374 1.6980129 1.7406685 2.0596550 1.9602562 0.1668688 0.0000000 0.2183944 0.4069299 0.2840582 0.3422841 0.4136577 0.2009885 0.4137044 0.4046529 0.3918777 0.3078681 0.7765647 0.5835933 1.1474451 1.2846128 2.0125460 2.1083316 2.1130102 2.1762854 2.1245999 2.2632056 2.1656098 2.2505155 2.0952761 2.3051289 2.2670437 1.9680807 2.2195041 1.6757488 3.1001312 
Cyprinodon_variegatus        2.2107310 2.1411243 1.8200551 1.7140569 1.7333025 1.7048354 1.7369896 1.6941377 1.7456439 1.9736056 1.9503632 0.2140700 0.2183944 0.0000000 0.4325739 0.3240479 0.3835738 0.4767734 0.2435850 0.4766989 0.4710205 0.4655907 0.3552431 0.7523914 0.6207333 1.1831195 1.3598922 2.1318829 2.1901563 2.1746033 2.2803627 2.2272621 2.3196887 2.2114569 2.2888460 2.1659532 2.3799915 2.3281884 2.0785314 2.3473369 1.5204001 3.1850454 
Anabas_testudineus           2.5995483 2.6557913 2.1575995 2.0189348 2.0503401 1.9943855 2.0173472 2.0149294 2.1086245 2.2422897 2.1151103 0.5493924 0.4069299 0.4325739 0.0000000 0.2665024 0.3582351 0.4584699 0.2489699 0.4646926 0.4489627 0.4511283 0.4623910 0.7180102 0.7312786 1.2987727 1.5738529 2.6616247 2.6964065 2.7317715 2.7089889 2.7249166 2.8693594 2.7472205 2.9308564 2.6706355 2.8977581 2.8693261 2.5796794 2.5149003 1.8884632 3.6024715 
Acanthochromis_polyacanthus  2.2871800 2.3049584 1.7345631 1.7820352 1.7908219 1.7436840 1.7401457 1.5852911 1.7684723 1.9094629 1.6963560 0.4371024 0.2840582 0.3240479 0.2665024 0.0000000 0.1255831 0.2860169 0.1882761 0.2863256 0.2772351 0.2807170 0.3256384 0.6076236 0.6517123 1.1012450 1.2542491 2.3069065 2.3479079 2.3055003 2.2158753 2.2838170 2.3146496 2.3680279 2.3992285 2.2953214 2.4999627 2.5017388 2.2066547 2.3306612 1.9911541 2.9106268 
Stegastes_partitus           2.7802521 2.8002584 2.1542729 2.2561814 2.2685103 2.2107298 2.2354480 2.0131381 2.1715372 2.3095290 2.2813124 0.4425341 0.3422841 0.3835738 0.3582351 0.1255831 0.0000000 0.3574600 0.1991834 0.3578186 0.3482893 0.3436009 0.3639200 0.7562253 0.7507493 1.3897298 1.4960425 2.7963071 2.8558502 2.7813469 2.8397445 2.8485831 2.9012715 2.9367633 2.9607333 2.8017967 3.0752148 3.0707730 2.6453595 2.8596862 2.1215440 3.6299164 
Pundamilia_nyererei          2.6721056 2.5808510 2.0803280 2.2176540 2.2376821 2.2245032 2.2041520 1.9955580 2.2167405 2.3320611 2.2132820 0.5724905 0.4136577 0.4767734 0.4584699 0.2860169 0.3574600 0.0000000 0.0081704 0.0081729 0.0124037 0.0316958 0.4809873 0.9074346 0.7712993 1.4017724 1.6740681 2.6334888 2.6444311 2.6302373 2.5864882 2.7841480 2.7738116 2.7504214 2.8124578 2.5594781 2.8651804 2.8179150 2.5651827 2.6396581 2.0686037 3.6823441 
Neolamprologus_brichardi     1.5879620 1.5644028 1.1933369 1.2932832 1.2945158 1.2976587 1.2898041 1.1757226 1.2372730 1.3808120 1.2997668 0.3119398 0.2009885 0.2435850 0.2489699 0.1882761 0.1991834 0.0081704 0.0000000 0.0081727 0.0082070 0.0167114 0.2606529 0.5074780 0.5129688 0.8262170 1.0093917 1.5880789 1.6147834 1.5877527 1.6789603 1.6597833 1.6868572 1.6562439 1.6615941 1.6643713 1.6921157 1.6555813 1.5750859 1.6141295 1.3304867 2.4077084 
Maylandia_zebra              2.6878760 2.5955730 2.0900841 2.1835623 2.1910007 2.1883901 2.1679236 1.9723879 2.1801940 2.2873069 2.1831689 0.5723391 0.4137044 0.4766989 0.4646926 0.2863256 0.3578186 0.0081729 0.0081727 0.0000000 0.0124110 0.0317154 0.4809138 0.9211757 0.7792675 1.4092961 1.6710598 2.6488234 2.6597837 2.6455546 2.5852276 2.8008183 2.7903063 2.7666335 2.8293003 2.5603142 2.8678411 2.8341431 2.5487582 2.6364526 2.1040808 3.6729361 
Haplochromis_burtoni         2.6898779 2.6052203 2.0766541 2.1768085 2.1945644 2.1816207 2.1611820 1.9877258 2.1733665 2.3059776 2.1955435 0.5624606 0.4046529 0.4710205 0.4489627 0.2772351 0.3482893 0.0124037 0.0082070 0.0124110 0.0000000 0.0318548 0.4620633 0.9254818 0.7759687 1.4064419 1.6887248 2.6587282 2.6696716 2.6579624 2.5858126 2.8108319 2.7939416 2.7768124 2.8393397 2.5824180 2.8974704 2.8447171 2.5601431 2.6697559 2.1114555 3.6201356 
Oreochromis_niloticus        2.7031838 2.6116223 2.0674538 2.1773624 2.1867256 2.1821729 2.1511710 1.9681183 2.1527727 2.2983531 2.1889680 0.5742423 0.3918777 0.4655907 0.4511283 0.2807170 0.3436009 0.0316958 0.0167114 0.0317154 0.0318548 0.0000000 0.4607639 0.9111931 0.7791659 1.3732240 1.6672350 2.6655980 2.6963166 2.6623081 2.6135908 2.7570675 2.7407120 2.6863306 2.7931524 2.5524713 2.8555555 2.8770922 2.5527687 2.6247468 2.1077818 3.6226433 
Kryptolebias_marmoratus      2.9050015 2.8395570 2.2953686 2.2198637 2.2401736 2.1945545 2.2064836 2.0971541 2.3237453 2.3450034 2.5897865 0.4300578 0.3078681 0.3552431 0.4623910 0.3256384 0.3639200 0.4809873 0.2606529 0.4809138 0.4620633 0.4607639 0.0000000 0.9090458 0.7465708 1.4173188 1.7780188 2.8498904 2.8814404 2.8798293 2.8344106 2.9156913 2.9900832 2.9614502 3.0141074 2.7715069 3.0739276 3.0928966 2.7942590 2.8430284 2.1065860 3.5452998 
Cynoglossus_semilaevis       3.1138696 3.0584259 2.3511312 2.3305941 2.3466901 2.3430925 2.3385836 1.9950755 2.1051051 2.7011834 2.8440892 0.9196633 0.7765647 0.7523914 0.7180102 0.6076236 0.7562253 0.9074346 0.5074780 0.9211757 0.9254818 0.9111931 0.9090458 0.0000000 0.9109074 1.4322390 1.7864316 3.0409183 3.1129600 3.0955715 3.0460121 3.0457233 3.0200288 3.1276437 3.1098947 2.8339652 3.1405016 3.1709308 3.0475858 2.7117155 2.3226016 3.8023657 
Oryzias_latipes              2.5704104 2.4929736 2.0318239 2.0103492 2.0245228 2.0117440 2.0507438 1.7693618 1.9543837 2.2266549 2.1266290 0.8451011 0.5835933 0.6207333 0.7312786 0.6517123 0.7507493 0.7712993 0.5129688 0.7792675 0.7759687 0.7791659 0.7465708 0.9109074 0.0000000 1.4961196 1.5542610 2.5082442 2.5496295 2.5778035 2.4830733 2.4666257 2.6001757 2.4964325 2.6332723 2.5411083 2.6160665 2.7310294 2.5441064 2.2220730 1.6440064 2.9415413 
Danio_rerio                  2.6853993 2.5141864 2.1752648 2.4133130 2.4247118 2.3791634 2.3255349 2.2749590 2.3806141 2.4673767 2.2622348 1.3499897 1.1474451 1.1831195 1.2987727 1.1012450 1.3897298 1.4017724 0.8262170 1.4092961 1.4064419 1.3732240 1.4173188 1.4322390 1.4961196 0.0000000 1.3553473 2.5681558 2.5909097 2.5500078 2.6192936 2.5787570 2.7503365 2.7112520 2.6597721 2.5630700 2.6708740 2.8141671 2.3608245 2.5212387 1.8476884 3.7502917 
Astyanax_mexicanus           2.5187819 2.4716286 1.7181235 2.0974650 2.1210873 2.1173740 1.9745371 2.1914485 2.2375336 2.2304389 2.1899706 1.5286559 1.2846128 1.3598922 1.5738529 1.2542491 1.4960425 1.6740681 1.0093917 1.6710598 1.6887248 1.6672350 1.7780188 1.7864316 1.5542610 1.3553473 0.0000000 2.4585195 2.5944718 2.5169925 2.5686357 2.5596920 2.6358690 2.5354005 2.5346772 2.6508907 2.7636678 2.6899887 2.3210347 2.4145988 1.8063838 2.6945467 
Homo_sapiens                 0.1168293 0.0164028 1.6256942 1.3393097 1.3696800 1.3665323 1.3721905 1.1401709 1.3358300 1.7700698 1.5955573 2.5300023 2.0125460 2.1318829 2.6616247 2.3069065 2.7963071 2.6334888 1.5880789 2.6488234 2.6587282 2.6655980 2.8498904 3.0409183 2.5082442 2.5681558 2.4585195 0.0000000 0.0396319 0.0606598 0.2924002 0.2891287 0.3241548 0.3126953 0.3201063 0.3018919 0.4015258 0.3345981 0.3530437 0.5047038 1.8393185 2.8644301 
Nomascus_leucogenys          0.1288627 0.0376675 1.6109057 1.3688286 1.4048982 1.3988050 1.4121587 1.1935180 1.3565680 1.7775605 1.5618201 2.5849529 2.1083316 2.1901563 2.6964065 2.3479079 2.8558502 2.6444311 1.6147834 2.6597837 2.6696716 2.6963166 2.8814404 3.1129600 2.5496295 2.5909097 2.5944718 0.0396319 0.0000000 0.0667737 0.3037338 0.3005919 0.3349105 0.3232658 0.3400013 0.3162333 0.4087643 0.3506882 0.3651316 0.5176029 1.8601104 2.7961795 
Piliocolobus_tephrosceles    0.1262038 0.0626685 1.6003224 1.3714408 1.3936093 1.3993732 1.4073383 1.1799683 1.3577480 1.7620310 1.6312151 2.5823135 2.1130102 2.1746033 2.7317715 2.3055003 2.7813469 2.6302373 1.5877527 2.6455546 2.6579624 2.6623081 2.8798293 3.0955715 2.5778035 2.5500078 2.5169925 0.0606598 0.0667737 0.0000000 0.3047276 0.3063531 0.3395645 0.3264506 0.3378150 0.3175897 0.4126234 0.3602695 0.3810924 0.5134096 1.8416783 2.7078900 
Otolemur_garnettii           0.3387585 0.2884009 1.5728327 1.4082253 1.4311815 1.4324068 1.4590848 1.2658056 1.4203232 1.6868038 1.6520915 2.6412260 2.1762854 2.2803627 2.7089889 2.2158753 2.8397445 2.5864882 1.6789603 2.5852276 2.5858126 2.6135908 2.8344106 3.0460121 2.4830733 2.6192936 2.5686357 0.2924002 0.3037338 0.3047276 0.0000000 0.3998571 0.4015783 0.3910433 0.4101767 0.3681452 0.4623156 0.3924167 0.3863892 0.5326330 1.7917505 2.7854276 
Ursus_maritimus              0.3306156 0.2784323 1.5903897 1.3057906 1.3387230 1.3421282 1.3715857 1.1585966 1.2923004 1.7673442 1.7375273 2.6323639 2.1245999 2.2272621 2.7249166 2.2838170 2.8485831 2.7841480 1.6597833 2.8008183 2.8108319 2.7570675 2.9156913 3.0457233 2.4666257 2.5787570 2.5596920 0.2891287 0.3005919 0.3063531 0.3998571 0.0000000 0.1230432 0.1417545 0.1607540 0.2338757 0.3514099 0.3967901 0.3969303 0.6102669 1.8037627 2.5462915 
Mustela_putorius_furo        0.3689345 0.3146475 1.6898121 1.3878843 1.4249923 1.4097247 1.4831918 1.2133720 1.3693989 1.7943151 1.7754068 2.7298999 2.2632056 2.3196887 2.8693594 2.3146496 2.9012715 2.7738116 1.6868572 2.7903063 2.7939416 2.7407120 2.9900832 3.0200288 2.6001757 2.7503365 2.6358690 0.3241548 0.3349105 0.3395645 0.4015783 0.1230432 0.0000000 0.1557037 0.1826105 0.2621675 0.3865616 0.4018111 0.4398106 0.6523221 1.8698747 2.7759151 
Vulpes_vulpes                0.3378965 0.3058058 1.6702144 1.3796155 1.4135343 1.4153491 1.4765540 1.2493445 1.3999355 1.7697329 1.7398390 2.6735008 2.1656098 2.2114569 2.7472205 2.3680279 2.9367633 2.7504214 1.6562439 2.7666335 2.7768124 2.6863306 2.9614502 3.1276437 2.4964325 2.7112520 2.5354005 0.3126953 0.3232658 0.3264506 0.3910433 0.1417545 0.1557037 0.0000000 0.1748130 0.2650350 0.3663291 0.4108494 0.4088382 0.6442100 1.7389470 2.8018263 
Panthera_tigris_altaica      0.3599316 0.3101707 1.6615455 1.3574651 1.3898930 1.3886563 1.4098920 1.1743723 1.3370533 1.7959958 1.7428612 2.7408604 2.2505155 2.2888460 2.9308564 2.3992285 2.9607333 2.8124578 1.6615941 2.8293003 2.8393397 2.7931524 3.0141074 3.1098947 2.6332723 2.6597721 2.5346772 0.3201063 0.3400013 0.3378150 0.4101767 0.1607540 0.1826105 0.1748130 0.0000000 0.2484636 0.3685897 0.4050461 0.4172069 0.5921581 1.8728453 2.9164656 
Equus_caballus               0.3339945 0.2898957 1.6152914 1.3512598 1.3559017 1.3571640 1.4456307 1.1588844 1.3458557 1.7407632 1.6416135 2.6209687 2.0952761 2.1659532 2.6706355 2.2953214 2.8017967 2.5594781 1.6643713 2.5603142 2.5824180 2.5524713 2.7715069 2.8339652 2.5411083 2.5630700 2.6508907 0.3018919 0.3162333 0.3175897 0.3681452 0.2338757 0.2621675 0.2650350 0.2484636 0.0000000 0.2755421 0.4179265 0.3986344 0.5617966 1.7656323 2.6498681 
Bos_taurus                   0.4460716 0.3949512 1.5767302 1.4192646 1.4234466 1.4452466 1.5087853 1.1869921 1.3796748 1.7834432 1.6222529 2.8594563 2.3051289 2.3799915 2.8977581 2.4999627 3.0752148 2.8651804 1.6921157 2.8678411 2.8974704 2.8555555 3.0739276 3.1405016 2.6160665 2.6708740 2.7636678 0.4015258 0.4087643 0.4126234 0.4623156 0.3514099 0.3865616 0.3663291 0.3685897 0.2755421 0.0000000 0.4441910 0.4714998 0.6938293 1.7268828 2.7544431 
Marmota_marmota_marmota      0.4087537 0.3273464 1.8454576 1.4882014 1.5193771 1.4823698 1.4824855 1.2976509 1.5064540 1.8372284 1.7673574 2.7705177 2.2670437 2.3281884 2.8693261 2.5017388 3.0707730 2.8179150 1.6555813 2.8341431 2.8447171 2.8770922 3.0928966 3.1709308 2.7310294 2.8141671 2.6899887 0.3345981 0.3506882 0.3602695 0.3924167 0.3967901 0.4018111 0.4108494 0.4050461 0.4179265 0.4441910 0.0000000 0.3217409 0.5414582 2.0699318 3.0201268 
Castor_canadensis            0.4190936 0.3536663 1.7828827 1.4586615 1.4978641 1.4853758 1.5183358 1.2768582 1.4838343 1.7531234 1.5955411 2.5188198 1.9680807 2.0785314 2.5796794 2.2066547 2.6453595 2.5651827 1.5750859 2.5487582 2.5601431 2.5527687 2.7942590 3.0475858 2.5441064 2.3608245 2.3210347 0.3530437 0.3651316 0.3810924 0.3863892 0.3969303 0.4398106 0.4088382 0.4172069 0.3986344 0.4714998 0.3217409 0.0000000 0.5206509 1.9439800 3.1576739 
Mus_musculus                 0.5433880 0.5112490 1.6175680 1.4472748 1.4683441 1.4628024 1.4129648 1.1883694 1.4145961 1.7330901 1.7410432 2.5411871 2.2195041 2.3473369 2.5149003 2.3306612 2.8596862 2.6396581 1.6141295 2.6364526 2.6697559 2.6247468 2.8430284 2.7117155 2.2220730 2.5212387 2.4145988 0.5047038 0.5176029 0.5134096 0.5326330 0.6102669 0.6523221 0.6442100 0.5921581 0.5617966 0.6938293 0.5414582 0.5206509 0.0000000 2.1465562 3.2868434 
Lepisosteus_oculatus         1.9267869 1.8241311 1.2423255 1.6300172 1.6383821 1.6402842 1.4897924 1.3759858 1.4885531 1.6695480 1.4194752 2.1864201 1.6757488 1.5204001 1.8884632 1.9911541 2.1215440 2.0686037 1.3304867 2.1040808 2.1114555 2.1077818 2.1065860 2.3226016 1.6440064 1.8476884 1.8063838 1.8393185 1.8601104 1.8416783 1.7917505 1.8037627 1.8698747 1.7389470 1.8728453 1.7656323 1.7268828 2.0699318 1.9439800 2.1465562 0.0000000 1.6871519 
Aquila_chrysaetos_canadensis 2.9804654 2.8046082 1.1713656 1.7171618 1.7708140 1.7330173 1.8240877 1.6801352 1.6700566 2.0783398 2.4297853 3.7387782 3.1001312 3.1850454 3.6024715 2.9106268 3.6299164 3.6823441 2.4077084 3.6729361 3.6201356 3.6226433 3.5452998 3.8023657 2.9415413 3.7502917 2.6945467 2.8644301 2.7961795 2.7078900 2.7854276 2.5462915 2.7759151 2.8018263 2.9164656 2.6498681 2.7544431 3.0201268 3.1576739 3.2868434 1.6871519 0.0000000 
