42
Callithrix_jacchus          0.0000000 0.1189658 1.6692737 1.3960664 1.4329182 1.4346431 1.4376526 1.1815237 1.3874103 1.7452605 1.5806675 2.6234885 2.1718047 2.2100822 2.5987066 2.2865146 2.7793237 2.6712448 1.5875754 2.6870021 2.6890042 2.7022954 2.9040230 3.1127991 2.5695927 2.6845250 2.5179635 0.1168251 0.1288579 0.1261990 0.3387340 0.3305923 0.3689057 0.3378732 0.3599026 0.3339668 0.4460252 0.4087108 0.4190485 0.5433270 1.9262726 2.9793812 
Pan_troglodytes             0.1189658 0.0000000 1.5933051 1.3160555 1.3458877 1.3427762 1.3462143 1.1283883 1.3117871 1.7225119 1.5697286 2.5064212 2.0182148 2.1405129 2.6549266 2.3042871 2.7993243 2.5800418 1.5640238 2.5947516 2.6043942 2.6107872 2.8386182 3.0573852 2.4921946 2.5133940 2.4708373 0.0164027 0.0376671 0.0626674 0.2883828 0.2784165 0.3146277 0.3057871 0.3101488 0.2898742 0.3949140 0.3273165 0.3536354 0.5111970 1.8236517 2.8036325 
Apteryx_rowi                1.6692737 1.5933051 0.0000000 0.7606854 0.7843481 0.7762128 0.7700786 0.6154965 0.6596300 1.0532796 1.1659569 2.1155392 1.8866718 1.8195896 2.1569910 1.7341313 2.1536712 2.0797589 1.1930982 2.0895116 2.0760853 2.0668881 2.2946989 2.3504347 2.0312603 2.1746591 1.7177038 1.6253121 1.6105288 1.5999502 1.5724754 1.5900262 1.6894122 1.6698177 1.6611540 1.6149143 1.5763695 1.8449927 1.7824351 1.6171894 1.2420858 1.1711361 
Terrapene_carolina          1.3960664 1.3160555 0.7606854 0.0000000 0.0137515 0.0367344 0.1594966 0.2491969 0.2725808 0.6791373 0.9093223 2.1498506 1.7165259 1.7136216 2.0183688 1.7815862 2.2555243 2.2170157 1.2930222 2.1829379 2.1761881 2.1767398 2.2192291 2.3299196 2.0097899 2.4125955 2.0968848 1.3390325 1.3685413 1.3711539 1.4079286 1.3055275 1.3875855 1.3793242 1.3571827 1.3509708 1.4189591 1.4878690 1.4583227 1.4469522 1.6296472 1.7167416 
Chrysemys_picta             1.4329182 1.3458877 0.7843481 0.0137515 0.0000000 0.0527573 0.1714770 0.2473365 0.2808580 0.6758636 0.9315309 2.1695039 1.7362411 1.7328616 2.0497627 1.7903702 2.2678494 2.2370360 1.2942562 2.1903749 2.1939382 2.1861008 2.2395320 2.3460127 2.0239584 2.4239908 2.1205007 1.3693929 1.4045986 1.3933158 1.4308778 1.3384509 1.4246838 1.4132348 1.3896000 1.3556109 1.4231397 1.5190346 1.4975117 1.4680145 1.6380096 1.7703713 
Chelonia_mydas              1.4346431 1.3427762 0.7762128 0.0367344 0.0527573 0.0000000 0.1649601 0.2480500 0.2797049 0.6839892 0.9151614 2.1463865 1.7054093 1.7044042 1.9938351 1.7432493 2.2100920 2.2238607 1.2973970 2.1877633 2.1809979 2.1815480 2.1939268 2.3424159 2.0111853 2.3784562 2.1167862 1.3662430 1.3985038 1.3990738 1.4321000 1.3418514 1.4094195 1.4150433 1.3883610 1.3568718 1.4449310 1.4820376 1.4850222 1.4624725 1.6399091 1.7325869 
Pelodiscus_sinensis         1.4376526 1.3462143 0.7700786 0.1594966 0.1714770 0.1649601 0.0000000 0.3235480 0.3412878 0.6762755 0.8808920 2.1923327 1.7284995 1.7365455 2.0167842 1.7397124 2.2347879 2.2035116 1.2895463 2.1672992 2.1605616 2.1505499 2.2058440 2.3379019 2.0501633 2.3248526 1.9740073 1.3719013 1.4118548 1.4070384 1.4587693 1.3712972 1.4828580 1.4762227 1.4095897 1.4453114 1.5084496 1.4821592 1.5179747 1.4126521 1.4894655 1.8236149 
Alligator_sinensis          1.1815237 1.1283883 0.6154965 0.2491969 0.2473365 0.2480500 0.3235480 0.0000000 0.0523337 0.7181813 0.8209646 1.8622078 1.6975869 1.6937131 2.0143741 1.5849304 2.0125919 1.9950248 1.1755087 1.9718658 1.9871968 1.9675958 2.0965651 1.9945403 1.7689016 2.2743057 2.1908249 1.1399636 1.1932919 1.1797476 1.2655557 1.1583856 1.2131392 1.2491003 1.1741536 1.1586667 1.1867649 1.2973900 1.2765936 1.1881372 1.3757105 1.6797276 
Crocodylus_porosus          1.3874103 1.3117871 0.6596300 0.2725808 0.2808580 0.2797049 0.3412878 0.0523337 0.0000000 0.8312437 0.9387285 2.0758246 1.7402224 1.7451995 2.1080311 1.7680349 2.1709200 2.2161090 1.2370353 2.1795788 2.1727552 2.1521694 2.3230568 2.1045231 1.9538410 2.3799117 2.2368872 1.3355501 1.3562792 1.3574595 1.4200116 1.2920381 1.3691071 1.3996331 1.3367767 1.3455661 1.3793771 1.5061103 1.4834816 1.4142790 1.4882371 1.6696474 
Rhinatrema_bivittatum       1.7452605 1.7225119 1.0532796 0.6791373 0.6758636 0.6839892 0.6762755 0.7181813 0.8312437 0.0000000 1.0958735 2.2646959 2.0590793 1.9730651 2.2416233 1.9089491 2.3088361 2.3313600 1.3805159 2.2866264 2.3052886 2.2976652 2.3443053 2.7003129 2.2259839 2.4666217 2.2297818 1.7696214 1.7771131 1.7615859 1.6863922 1.7669099 1.7938700 1.7693011 1.7955492 1.7403340 1.7830029 1.8367600 1.7526769 1.7326489 1.6691572 2.0777531 
Latimeria_chalumnae         1.5806675 1.5697286 1.1659569 0.9093223 0.9315309 0.9151614 0.8808920 0.8209646 0.9387285 1.0958735 0.0000000 2.4366870 1.9597347 1.9498376 2.1145134 1.6959392 2.2806477 2.2126576 1.2994990 2.1825591 2.1949282 2.1883546 2.5889882 2.8431775 2.1260325 2.2615766 2.1893489 1.5951815 1.5614558 1.6308259 1.6517028 1.7371071 1.7749700 1.7394102 1.7424425 1.6412222 1.6218726 1.7669249 1.5951599 1.7406172 1.4191839 2.4290344 
Poecilia_reticulata         2.6234885 2.5064212 2.1155392 2.1498506 2.1695039 2.1463865 2.1923327 1.8622078 2.0758246 2.2646959 2.4366870 0.0000000 0.1668626 0.2140597 0.5493366 0.4370658 0.4424920 0.5724219 0.3119196 0.5722712 0.5623929 0.5741721 0.4300172 0.9195204 0.8449803 1.3497112 1.5282961 2.5291985 2.5841294 2.5814841 2.6403855 2.6315041 2.7289935 2.6726238 2.7399499 2.6201214 2.8584984 2.7696117 2.5180167 2.5403918 2.1858003 3.7372892 
Fundulus_heteroclitus       2.1718047 2.0182148 1.8866718 1.7165259 1.7362411 1.7054093 1.7284995 1.6975869 1.7402224 2.0590793 1.9597347 0.1668626 0.0000000 0.2183841 0.4068975 0.2840423 0.3422564 0.4136201 0.2009806 0.4136675 0.4046171 0.3918441 0.3078473 0.7764511 0.5835313 1.1472352 1.2843546 2.0119848 2.1077322 2.1124061 2.1756672 2.1239958 2.2625376 2.1649890 2.2498487 2.0946871 2.3044477 2.2663861 1.9675415 2.2188642 1.6753468 3.0990378 
Cyprinodon_variegatus       2.2100822 2.1405129 1.8195896 1.7136216 1.7328616 1.7044042 1.7365455 1.6937131 1.7451995 1.9730651 1.9498376 0.2140597 0.2183841 0.0000000 0.4325395 0.3240274 0.3835400 0.4767223 0.2435711 0.4766487 0.4709702 0.4655414 0.3552141 0.7522831 0.6206636 1.1828912 1.3596001 2.1312738 2.1895264 2.1739793 2.2796990 2.2266201 2.3190036 2.2108147 2.2881679 2.1653391 2.3792941 2.3275023 2.0779410 2.3466420 1.5200579 3.1839093 
Anabas_testudineus          2.5987066 2.6549266 2.1569910 2.0183688 2.0497627 1.9938351 2.0167842 2.0143741 2.1080311 2.2416233 2.1145134 0.5493366 0.4068975 0.4325395 0.0000000 0.2664876 0.3582084 0.4584257 0.2489577 0.4646474 0.4489200 0.4510857 0.4623497 0.7179135 0.7311784 1.2985104 1.5734802 2.6607550 2.6955253 2.7308631 2.7081203 2.7240344 2.8684045 2.7463259 2.9298712 2.6697749 2.8967900 2.8683681 2.5788585 2.5141140 1.8879813 3.6010750 
Acanthochromis_polyacanthus 2.2865146 2.3042871 1.7341313 1.7815862 1.7903702 1.7432493 1.7397124 1.5849304 1.7680349 1.9089491 1.6959392 0.4370658 0.2840423 0.3240274 0.2664876 0.0000000 0.1255799 0.2860012 0.1882695 0.2863099 0.2772203 0.2807019 0.3256182 0.6075509 0.6516347 1.1010451 1.2539988 2.3062327 2.3472207 2.3048286 2.2152481 2.2831690 2.3139836 2.3673415 2.3985350 2.2946631 2.4992192 2.5009884 2.2060222 2.3299895 1.9906373 2.9096450 
Stegastes_partitus          2.7793237 2.7993243 2.1536712 2.2555243 2.2678494 2.2100920 2.2347879 2.0125919 2.1709200 2.3088361 2.2806477 0.4424920 0.3422564 0.3835400 0.3582084 0.1255799 0.0000000 0.3574342 0.1991749 0.3577927 0.3482647 0.3435757 0.3638927 0.7561157 0.7506508 1.3894301 1.4956908 2.7953729 2.8548921 2.7804250 2.8388098 2.8476408 2.9003030 2.9357760 2.9597405 2.8008817 3.0741646 3.0697110 2.6445089 2.8587327 2.1209756 3.6285146 
Pundamilia_nyererei         2.6712448 2.5800418 2.0797589 2.2170157 2.2370360 2.2238607 2.2035116 1.9950248 2.2161090 2.3313600 2.2126576 0.5724219 0.4136201 0.4767223 0.4584257 0.2860012 0.3574342 0.0000000 0.0081704 0.0081729 0.0124037 0.0316955 0.4809348 0.9072898 0.7711991 1.4014796 1.6736618 2.6326502 2.6435936 2.6294014 2.5856925 2.7832522 2.7729221 2.7495499 2.8115566 2.5586977 2.8642452 2.8170029 2.5643818 2.6388297 2.0680503 3.6809239 
Neolamprologus_brichardi    1.5875754 1.5640238 1.1930982 1.2930222 1.2942562 1.2973970 1.2895463 1.1755087 1.2370353 1.3805159 1.2994990 0.3119196 0.2009806 0.2435711 0.2489577 0.1882695 0.1991749 0.0081704 0.0000000 0.0081727 0.0082070 0.0167113 0.2606374 0.5074284 0.5129229 0.8260969 1.0092249 1.5876909 1.6143865 1.5873667 1.6785452 1.6593731 1.6864354 1.6558352 1.6611894 1.6639547 1.6916927 1.6551732 1.5746988 1.6137434 1.3302223 2.4069724 
Maylandia_zebra             2.6870021 2.5947516 2.0895116 2.1829379 2.1903749 2.1877633 2.1672992 1.9718658 2.1795788 2.2866264 2.1825591 0.5722712 0.4136675 0.4766487 0.4646474 0.2863099 0.3577927 0.0081729 0.0081727 0.0000000 0.0124109 0.0317152 0.4808620 0.9210268 0.7791672 1.4090018 1.6706571 2.6479722 2.6589336 2.6447061 2.5844327 2.7999092 2.7894036 2.7657490 2.8283857 2.5595304 2.8669026 2.8332188 2.5479609 2.6356236 2.1035137 3.6715224 
Haplochromis_burtoni        2.6890042 2.6043942 2.0760853 2.1761881 2.1939382 2.1809979 2.1605616 1.9871968 2.1727552 2.3052886 2.1949282 0.5623929 0.4046171 0.4709702 0.4489200 0.2772203 0.3482647 0.0124037 0.0082070 0.0124109 0.0000000 0.0318546 0.4620156 0.9253313 0.7758686 1.4061475 1.6883133 2.6578720 2.6688164 2.6571061 2.5850174 2.8099184 2.7930388 2.7759225 2.8384208 2.5816235 2.8965147 2.8437870 2.5593395 2.6689081 2.1108848 3.6187478 
Oreochromis_niloticus       2.7022954 2.6107872 2.0668881 2.1767398 2.1861008 2.1815480 2.1505499 1.9675958 2.1521694 2.2976652 2.1883546 0.5741721 0.3918441 0.4655414 0.4510857 0.2807019 0.3435757 0.0316955 0.0167113 0.0317152 0.0318546 0.0000000 0.4607147 0.9110445 0.7790621 1.3729411 1.6668342 2.6647323 2.6954415 2.6614449 2.6127755 2.7561753 2.7398300 2.6854819 2.7922514 2.5516865 2.8546158 2.8761450 2.5519651 2.6239195 2.1072151 3.6212543 
Kryptolebias_marmoratus     2.9040230 2.8386182 2.2946989 2.2192291 2.2395320 2.1939268 2.2058440 2.0965651 2.3230568 2.3443053 2.5889882 0.4300172 0.3078473 0.3552141 0.4623497 0.3256182 0.3638927 0.4809348 0.2606374 0.4808620 0.4620156 0.4607147 0.0000000 0.9089048 0.7464730 1.4170253 1.7775665 2.8489434 2.8804826 2.8788662 2.8335084 2.9147252 2.9890869 2.9604596 3.0130975 2.7706146 3.0728794 3.0918452 2.7933526 2.8421101 2.1060104 3.5439577 
Cynoglossus_semilaevis      3.1127991 3.0573852 2.3504347 2.3299196 2.3460127 2.3424159 2.3379019 1.9945403 2.1045231 2.7003129 2.8431775 0.9195204 0.7764511 0.7522831 0.7179135 0.6075509 0.7561157 0.9072898 0.5074284 0.9210268 0.9253313 0.9110445 0.9089048 0.0000000 0.9107632 1.4319396 1.7859796 3.0398841 3.1118960 3.0945070 3.0450000 3.0447132 3.0190319 3.1265880 3.1088572 2.8330565 3.1394373 3.1698453 3.0465521 2.7108573 2.3219507 3.8008516 
Oryzias_latipes             2.5695927 2.4921946 2.0312603 2.0097899 2.0239584 2.0111853 2.0501633 1.7689016 1.9538410 2.2259839 2.1260325 0.8449803 0.5835313 0.6206636 0.7311784 0.6516347 0.7506508 0.7711991 0.5129229 0.7791672 0.7758686 0.7790621 0.7464730 0.9107632 0.0000000 1.4957738 1.5538869 2.5074565 2.5488262 2.5769828 2.4823175 2.4658723 2.5993586 2.4956614 2.6324436 2.5403209 2.6152450 2.7301503 2.5433049 2.2214259 1.6436132 2.9405076 
Danio_rerio                 2.6845250 2.5133940 2.1746591 2.4125955 2.4239908 2.3784562 2.3248526 2.2743057 2.3799117 2.4666217 2.2615766 1.3497112 1.1472352 1.1828912 1.2985104 1.1010451 1.3894301 1.4014796 0.8260969 1.4090018 1.4061475 1.3729411 1.4170253 1.4319396 1.4957738 0.0000000 1.3550656 2.5673350 2.5900916 2.5492035 2.6184707 2.5779521 2.7494316 2.7103787 2.6589294 2.5622672 2.6700215 2.8132258 2.3601060 2.5204437 1.8472143 3.7488468 
Astyanax_mexicanus          2.5179635 2.4708373 1.7177038 2.0968848 2.1205007 2.1167862 1.9740073 2.1908249 2.2368872 2.2297818 2.1893489 1.5282961 1.2843546 1.3596001 1.5734802 1.2539988 1.4956908 1.6736618 1.0092249 1.6706571 1.6883133 1.6668342 1.7775665 1.7859796 1.5538869 1.3550656 0.0000000 2.4577316 2.5936252 2.5161857 2.5678211 2.5588652 2.6350023 2.5345780 2.5338682 2.6500133 2.7627375 2.6890930 2.3203109 2.4138483 1.8059289 2.6936622 
Homo_sapiens                0.1168251 0.0164027 1.6253121 1.3390325 1.3693929 1.3662430 1.3719013 1.1399636 1.3355501 1.7696214 1.5951815 2.5291985 2.0119848 2.1312738 2.6607550 2.3062327 2.7953729 2.6326502 1.5876909 2.6479722 2.6578720 2.6647323 2.8489434 3.0398841 2.5074565 2.5673350 2.4577316 0.0000000 0.0396315 0.0606587 0.2923818 0.2891117 0.3241340 0.3126757 0.3200837 0.3018688 0.4014866 0.3345662 0.3530126 0.5046519 1.8388330 2.8634176 
Nomascus_leucogenys         0.1288579 0.0376671 1.6105288 1.3685413 1.4045986 1.3985038 1.4118548 1.1932919 1.3562792 1.7771131 1.5614558 2.5841294 2.1077322 2.1895264 2.6955253 2.3472207 2.8548921 2.6435936 1.6143865 2.6589336 2.6688164 2.6954415 2.8804826 3.1118960 2.5488262 2.5900916 2.5936252 0.0396315 0.0000000 0.0667726 0.3037147 0.3005742 0.3348886 0.3232457 0.3399763 0.3162091 0.4087256 0.3506554 0.3651006 0.5175512 1.8596179 2.7952091 
Piliocolobus_tephrosceles   0.1261990 0.0626674 1.5999502 1.3711539 1.3933158 1.3990738 1.4070384 1.1797476 1.3574595 1.7615859 1.6308259 2.5814841 2.1124061 2.1739793 2.7308631 2.3048286 2.7804250 2.6294014 1.5873667 2.6447061 2.6571061 2.6614449 2.8788662 3.0945070 2.5769828 2.5492035 2.5161857 0.0606587 0.0667726 0.0000000 0.3047068 0.3063331 0.3395405 0.3264293 0.3377900 0.3175640 0.4125840 0.3602334 0.3810564 0.5133551 1.8411968 2.7069678 
Otolemur_garnettii          0.3387340 0.2883828 1.5724754 1.4079286 1.4308778 1.4321000 1.4587693 1.2655557 1.4200116 1.6863922 1.6517028 2.6403855 2.1756672 2.2796990 2.7081203 2.2152481 2.8388098 2.5856925 1.6785452 2.5844327 2.5850174 2.6127755 2.8335084 3.0450000 2.4823175 2.6184707 2.5678211 0.2923818 0.3037147 0.3047068 0.0000000 0.3998251 0.4015466 0.3910150 0.4101406 0.3681145 0.4622745 0.3923829 0.3863552 0.5325778 1.7912964 2.7844745 
Ursus_maritimus             0.3305923 0.2784165 1.5900262 1.3055275 1.3384509 1.3418514 1.3712972 1.1583856 1.2920381 1.7669099 1.7371071 2.6315041 2.1239958 2.2266201 2.7240344 2.2831690 2.8476408 2.7832522 1.6593731 2.7999092 2.8099184 2.7561753 2.9147252 3.0447132 2.4658723 2.5779521 2.5588652 0.2891117 0.3005742 0.3063331 0.3998251 0.0000000 0.1230395 0.1417504 0.1607473 0.2338619 0.3513841 0.3967527 0.3968952 0.6101951 1.8033008 2.5454616 
Mustela_putorius_furo       0.3689057 0.3146277 1.6894122 1.3875855 1.4246838 1.4094195 1.4828580 1.2131392 1.3691071 1.7938700 1.7749700 2.7289935 2.2625376 2.3190036 2.8684045 2.3139836 2.9003030 2.7729221 1.6864354 2.7894036 2.7930388 2.7398300 2.9890869 3.0190319 2.5993586 2.7494316 2.6350023 0.3241340 0.3348886 0.3395405 0.4015466 0.1230395 0.0000000 0.1556987 0.1826025 0.2621513 0.3865300 0.4017728 0.4397681 0.6522389 1.8693796 2.7749752 
Vulpes_vulpes               0.3378732 0.3057871 1.6698177 1.3793242 1.4132348 1.4150433 1.4762227 1.2491003 1.3996331 1.7693011 1.7394102 2.6726238 2.1649890 2.2108147 2.7463259 2.3673415 2.9357760 2.7495499 1.6558352 2.7657490 2.7759225 2.6854819 2.9604596 3.1265880 2.4956614 2.7103787 2.5345780 0.3126757 0.3232457 0.3264293 0.3910150 0.1417504 0.1556987 0.0000000 0.1748055 0.2650194 0.3662986 0.4108078 0.4088016 0.6441299 1.7385149 2.8008627 
Panthera_tigris             0.3599026 0.3101488 1.6611540 1.3571827 1.3896000 1.3883610 1.4095897 1.1741536 1.3367767 1.7955492 1.7424425 2.7399499 2.2498487 2.2881679 2.9298712 2.3985350 2.9597405 2.8115566 1.6611894 2.8283857 2.8384208 2.7922514 3.0130975 3.1088572 2.6324436 2.6589294 2.5338682 0.3200837 0.3399763 0.3377900 0.4101406 0.1607473 0.1826025 0.1748055 0.0000000 0.2484471 0.3685581 0.4050046 0.4171654 0.5920876 1.8723615 2.9154421 
Equus_caballus              0.3339668 0.2898742 1.6149143 1.3509708 1.3556109 1.3568718 1.4453114 1.1586667 1.3455661 1.7403340 1.6412222 2.6201214 2.0946871 2.1653391 2.6697749 2.2946631 2.8008817 2.5586977 1.6639547 2.5595304 2.5816235 2.5516865 2.7706146 2.8330565 2.5403209 2.5622672 2.6500133 0.3018688 0.3162091 0.3175640 0.3681145 0.2338619 0.2621513 0.2650194 0.2484471 0.0000000 0.2755236 0.4178827 0.3985973 0.5617310 1.7651901 2.6489887 
Bos_taurus                  0.4460252 0.3949140 1.5763695 1.4189591 1.4231397 1.4449310 1.5084496 1.1867649 1.3793771 1.7830029 1.6218726 2.8584984 2.3044477 2.3792941 2.8967900 2.4992192 3.0741646 2.8642452 1.6916927 2.8669026 2.8965147 2.8546158 3.0728794 3.1394373 2.6152450 2.6700215 2.7627375 0.4014866 0.4087256 0.4125840 0.4622745 0.3513841 0.3865300 0.3662986 0.3685581 0.2755236 0.0000000 0.4441476 0.4714536 0.6937308 1.7264644 2.7535033 
Marmota_marmota             0.4087108 0.3273165 1.8449927 1.4878690 1.5190346 1.4820376 1.4821592 1.2973900 1.5061103 1.8367600 1.7669249 2.7696117 2.2663861 2.3275023 2.8683681 2.5009884 3.0697110 2.8170029 1.6551732 2.8332188 2.8437870 2.8761450 3.0918452 3.1698453 2.7301503 2.8132258 2.6890930 0.3345662 0.3506554 0.3602334 0.3923829 0.3967527 0.4017728 0.4108078 0.4050046 0.4178827 0.4441476 0.0000000 0.3217159 0.5413980 2.0693625 3.0190320 
Castor_canadensis           0.4190485 0.3536354 1.7824351 1.4583227 1.4975117 1.4850222 1.5179747 1.2765936 1.4834816 1.7526769 1.5951599 2.5180167 1.9675415 2.0779410 2.5788585 2.2060222 2.6445089 2.5643818 1.5746988 2.5479609 2.5593395 2.5519651 2.7933526 3.0465521 2.5433049 2.3601060 2.3203109 0.3530126 0.3651006 0.3810564 0.3863552 0.3968952 0.4397681 0.4088016 0.4171654 0.3985973 0.4714536 0.3217159 0.0000000 0.5205915 1.9434572 3.1564962 
Mus_musculus                0.5433270 0.5111970 1.6171894 1.4469522 1.4680145 1.4624725 1.4126521 1.1881372 1.4142790 1.7326489 1.7406172 2.5403918 2.2188642 2.3466420 2.5141140 2.3299895 2.8587327 2.6388297 1.6137434 2.6356236 2.6689081 2.6239195 2.8421101 2.7108573 2.2214259 2.5204437 2.4138483 0.5046519 0.5175512 0.5133551 0.5325778 0.6101951 0.6522389 0.6441299 0.5920876 0.5617310 0.6937308 0.5413980 0.5205915 0.0000000 2.1459535 3.2856105 
Lepisosteus_oculatus        1.9262726 1.8236517 1.2420858 1.6296472 1.6380096 1.6399091 1.4894655 1.3757105 1.4882371 1.6691572 1.4191839 2.1858003 1.6753468 1.5200579 1.8879813 1.9906373 2.1209756 2.0680503 1.3302223 2.1035137 2.1108848 2.1072151 2.1060104 2.3219507 1.6436132 1.8472143 1.8059289 1.8388330 1.8596179 1.8411968 1.7912964 1.8033008 1.8693796 1.7385149 1.8723615 1.7651901 1.7264644 2.0693625 1.9434572 2.1459535 0.0000000 1.6867332 
Aquila_chrysaetos           2.9793812 2.8036325 1.1711361 1.7167416 1.7703713 1.7325869 1.8236149 1.6797276 1.6696474 2.0777531 2.4290344 3.7372892 3.0990378 3.1839093 3.6010750 2.9096450 3.6285146 3.6809239 2.4069724 3.6715224 3.6187478 3.6212543 3.5439577 3.8008516 2.9405076 3.7488468 2.6936622 2.8634176 2.7952091 2.7069678 2.7844745 2.5454616 2.7749752 2.8008627 2.9154421 2.6489887 2.7535033 3.0190320 3.1564962 3.2856105 1.6867332 0.0000000 
