42
Callithrix_jacchus__PREDICTED__zinc_finger_protein_648__Callithrix_jacchus_                       0.0000000 0.2080769 3.6804063 3.0655221 2.9994135 3.0544910 3.5231922 2.7523056 2.9156225 4.8201053 3.8967333 4.4427655 3.9975212 5.0878807 4.0733118 5.0974697 4.9198855 6.0415971 5.5233516 5.9632461 4.8950392 4.6438085 6.4271707 3.7843679 4.3413706 3.1049731 4.7214843 4.3701219 0.2029872 0.2234675 0.2123620 0.6424271 0.6365639 0.7159550 0.6449919 0.6911310 0.6194043 0.7859042 0.7923766 0.7707380 1.1290480 5.2149780 
Pan_troglodytes__zinc_finger_protein_648__Pan_troglodytes_                                        0.2080769 0.0000000 3.7764725 2.7065454 2.6049862 2.6620339 3.0287016 2.4538314 2.5832951 4.7431720 3.5724801 4.5200348 3.7427954 4.9776042 4.1061512 5.0451216 5.1296622 5.5197367 5.1217016 5.4600239 4.6370407 4.8634902 5.6925574 3.5137203 4.1620656 2.7224434 4.7164143 3.7068101 0.0337884 0.0740151 0.1219959 0.5497355 0.5549067 0.6296857 0.5944011 0.5994072 0.5496747 0.6924660 0.6299740 0.6697275 1.0008904 5.4348993 
Apteryx_rowi__zinc_finger_protein_648__Apteryx_rowi_                                              3.6804063 3.7764725 0.0000000 1.2049475 1.2461076 1.1973703 1.2465431 0.9915844 0.9925032 1.9457072 2.9758621 8.9999983 8.9999985 8.9999988 8.9999984 8.9999984 8.9999986 8.9999988 8.9999987 8.9999985 8.7934101 8.9999981 8.9999987 6.2769990 7.1890770 5.0372106 5.9398138 7.5507379 3.9189761 3.7413229 3.8188246 3.9922821 3.5205418 3.8419631 3.9893707 4.2035280 3.7535322 3.8443023 6.1411948 4.9465130 4.5656926 0.8974410 
Terrapene_carolina_triunguis__zinc_finger_protein_648__Terrapene_carolina_triunguis_              3.0655221 2.7065454 1.2049475 0.0000000 0.0216922 0.0504818 0.2295820 0.3293516 0.4891710 1.5197847 2.3637380 6.1638711 5.2105972 4.4646125 4.2710279 5.4844780 5.7460383 5.2534299 5.1585642 5.0333364 4.5550551 3.6722645 6.8411284 4.7094397 5.3860128 3.3740988 4.8798735 4.3907504 2.7958317 2.9429531 2.8039107 3.3904568 3.0431771 3.0563218 3.2362358 3.0996797 3.0976980 3.5347300 3.6372660 3.4674765 3.6090458 1.4845379 
Chrysemys_picta_bellii__zinc_finger_protein_648__Chrysemys_picta_bellii_                          2.9994135 2.6049862 1.2461076 0.0216922 0.0000000 0.0730111 0.2459359 0.3199463 0.5074127 1.5269331 2.3400898 6.7773456 5.4666058 4.6795814 4.4104006 5.7742899 5.9683540 5.4502843 5.3501750 5.2260469 4.6800269 3.8064152 6.9288593 4.8550567 5.3189684 3.5290510 4.9785325 4.3685890 2.6814330 2.8069937 2.7294655 3.1590130 2.8874751 2.9083102 3.0618270 2.9436258 2.9042198 3.2047308 3.3639542 3.3864206 3.6023537 1.5144941 
Chelonia_mydas__zinc_finger_protein_648__Chelonia_mydas_                                          3.0544910 2.6620339 1.1973703 0.0504818 0.0730111 0.0000000 0.2344536 0.3159679 0.4966610 1.5665464 2.3180813 6.2294034 5.1740169 4.4726406 4.1834746 5.4125526 5.5252626 5.1008924 5.0148881 4.8960885 4.4460002 3.6863677 6.7287583 4.5057405 6.0190128 3.7657912 5.0049397 4.4642696 2.7511759 2.8831684 2.7600893 3.3301443 3.0223321 3.0800898 3.2455126 3.0894897 2.9832510 3.4792164 3.5351129 3.4692839 3.6148981 1.4935049 
Pelodiscus_sinensis__zinc_finger_protein_648__Pelodiscus_sinensis_                                3.5231922 3.0287016 1.2465431 0.2295820 0.2459359 0.2344536 0.0000000 0.4138157 0.6430752 1.6082864 2.2725935 4.5064552 4.2485991 4.1146829 4.1790843 4.7408339 4.7160685 3.9755038 3.9118805 3.7930736 3.4770402 3.6082243 5.6787646 3.8637099 5.2667503 4.1662528 4.8198460 5.3397690 3.1621562 3.3726167 3.1006964 3.8489610 3.3051931 3.7641300 3.6901991 3.5966220 3.7461326 3.9938840 3.9560477 4.1116102 3.7011219 1.5934961 
Alligator_sinensis__zinc_finger_protein_648__Alligator_sinensis_                                  2.7523056 2.4538314 0.9915844 0.3293516 0.3199463 0.3159679 0.4138157 0.0000000 0.1199556 1.7006409 2.3625349 4.7294117 4.6732496 4.9171729 4.6136908 4.7939011 4.8513580 4.7833963 4.7181725 4.6430811 4.1853867 4.2239055 5.5769022 4.3749535 5.3597134 3.3020496 4.9586550 4.5645173 2.4988511 2.6853154 2.6765830 3.2111389 2.9186544 3.0330219 3.2924265 2.8951306 2.9062649 2.9755053 3.8636450 3.4939348 3.7532467 1.5262171 
Crocodylus_porosus__PREDICTED__zinc_finger_protein_648_isoform_X1__Crocodylus_porosus_            2.9156225 2.5832951 0.9925032 0.4891710 0.5074127 0.4966610 0.6430752 0.1199556 0.0000000 1.7688475 2.5837839 4.9792146 4.5771020 4.7720640 4.5972370 5.0257228 5.4290751 4.9595786 4.8910716 4.8130225 4.3213699 5.1699627 7.0404362 4.9690331 5.5754096 3.6722071 4.8317283 4.7554315 2.6624794 2.6949238 2.7143027 3.2542162 2.8522442 2.9608131 3.2323281 2.9282275 3.0199856 3.1571548 3.7287291 3.6670156 3.8713876 1.5286752 
Rhinatrema_bivittatum__zinc_finger_protein_648__Rhinatrema_bivittatum_                            4.8201053 4.7431720 1.9457072 1.5197847 1.5269331 1.5665464 1.6082864 1.7006409 1.7688475 0.0000000 2.2968319 8.9999982 8.8070988 6.7451162 6.6410166 7.6403689 6.2847260 5.4917129 5.4293259 5.6146344 5.1555947 6.4661971 8.9999985 6.4303215 7.1863902 6.5797370 8.9999984 8.9999987 5.0121708 4.7089073 4.6826485 5.2313855 5.0670251 5.1913745 4.7546006 5.5979711 5.1368730 4.8073572 7.2254016 5.8864068 6.4541963 2.1443636 
Latimeria_chalumnae__PREDICTED__zinc_finger_protein_648-like__Latimeria_chalumnae_                3.8967333 3.5724801 2.9758621 2.3637380 2.3400898 2.3180813 2.2725935 2.3625349 2.5837839 2.2968319 0.0000000 5.1177962 4.2359758 5.1151609 4.0712131 5.5961104 4.4875545 5.7031720 5.6778944 5.4424337 4.7165807 5.0144343 7.1101739 3.4544646 5.1721477 3.2788607 4.7534733 4.1216407 3.8077362 3.8153537 3.9618964 3.8180561 4.3688246 4.3471985 4.2014495 4.5492136 4.0537186 4.3159984 5.2194136 4.3972880 6.3446533 3.2127975 
Poecilia_reticulata__PREDICTED__oocyte_zinc_finger_protein_XlCOF22-like__Poecilia_reticulata_     4.4427655 4.5200348 8.9999983 6.1638711 6.7773456 6.2294034 4.5064552 4.7294117 4.9792146 8.9999982 5.1177962 0.0000000 0.3348142 0.4436382 1.1309980 0.8466365 1.0513040 1.1737711 1.1749516 1.1567273 1.1542635 0.9546721 2.1993909 1.4614899 3.4133049 3.9907898 2.5983941 4.2119759 4.7262988 4.6474162 4.3628944 4.6105580 6.0707750 7.1902738 6.2357710 6.7901983 5.1108448 5.1124133 6.1862578 5.7407637 5.3893862 8.9999987 
Fundulus_heteroclitus__gastrula_zinc_finger_protein_XlCGF52.1__Fundulus_heteroclitus_             3.9975212 3.7427954 8.9999985 5.2105972 5.4666058 5.1740169 4.2485991 4.6732496 4.5771020 8.8070988 4.2359758 0.3348142 0.0000000 0.4961053 1.0932864 0.7395613 0.7605003 0.8905327 0.8928749 0.8734297 0.8287698 0.7548638 2.2828190 0.9351234 2.8442280 3.2034425 2.1117282 3.8796625 3.7552393 4.1677099 3.7003800 3.9062228 5.0895192 4.9064063 4.4030897 5.2299696 4.6695231 4.9079209 4.5722571 4.1426691 6.2972891 7.3978259 
Cyprinodon_variegatus__PREDICTED__zinc_finger_protein_648-like_isoform_X1__Cyprinodon_variegatus_ 5.0878807 4.9776042 8.9999988 4.4646125 4.6795814 4.4726406 4.1146829 4.9171729 4.7720640 6.7451162 5.1151609 0.4436382 0.4961053 0.0000000 1.1690937 0.8646596 1.0216449 1.1194742 1.1212324 1.1004835 1.0446077 0.8533726 2.2893940 1.1171810 3.6969908 3.6877628 2.4467237 3.5125734 5.2548879 5.8651566 4.9862702 5.8422071 7.7947829 7.7959579 6.2324129 8.8593032 6.9320284 7.3170654 5.3324891 6.1954163 8.9999988 5.1211014 
Anabas_testudineus__zinc_finger_protein_648-like__Anabas_testudineus_                             4.0733118 4.1061512 8.9999984 4.2710279 4.4104006 4.1834746 4.1790843 4.6136908 4.5972370 6.6410166 4.0712131 1.1309980 1.0932864 1.1690937 0.0000000 0.7422587 0.7011824 1.0961426 1.1180487 1.0804425 1.0677769 1.0491551 1.7289328 1.6176981 3.9631770 3.5691508 3.3416654 3.7229738 4.2355050 3.9317731 3.6118299 4.7069892 5.6450650 6.2050835 5.0848624 6.0445478 5.6917690 5.8925343 6.0443213 5.1522424 4.6743061 7.6766627 
Stegastes_partitus__PREDICTED__zinc_finger_protein_648__Stegastes_partitus_                       5.0974697 5.0451216 8.9999984 5.4844780 5.7742899 5.4125526 4.7408339 4.7939011 5.0257228 7.6403689 5.5961104 0.8466365 0.7395613 0.8646596 0.7422587 0.0000000 0.2580284 0.6561136 0.6558366 0.6419371 0.6055394 0.7332828 1.7006376 1.4618322 3.5571428 3.1509357 3.5134412 5.2634737 5.3317977 5.2029057 4.4714041 6.1938894 8.0406879 7.4478832 6.3099806 8.0584600 6.5444405 8.0956234 7.4463927 6.0201329 8.9999989 7.1052958 
Acanthochromis_polyacanthus__zinc_finger_protein_648-like__Acanthochromis_polyacanthus_           4.9198855 5.1296622 8.9999986 5.7460383 5.9683540 5.5252626 4.7160685 4.8513580 5.4290751 6.2847260 4.4875545 1.0513040 0.7605003 1.0216449 0.7011824 0.2580284 0.0000000 0.6803824 0.6799586 0.6588946 0.6549359 0.8664297 1.5767394 1.5904633 4.0041260 3.2172591 2.8500771 4.0673095 5.6001712 5.1147484 4.3078209 6.6664207 7.8502802 8.2305026 7.5178861 8.9999983 8.3648349 8.7061208 8.3975127 6.4356932 8.9999988 8.9999989 
Pundamilia_nyererei__PREDICTED__zinc_finger_protein_648-like__Pundamilia_nyererei_                6.0415971 5.5197367 8.9999988 5.2534299 5.4502843 5.1008924 3.9755038 4.7833963 4.9595786 5.4917129 5.7031720 1.1737711 0.8905327 1.1194742 1.0961426 0.6561136 0.6803824 0.0000000 0.0096462 0.0245238 0.0653470 0.9982329 2.1199847 1.6424466 3.2766135 3.3037135 3.5323951 3.9951717 5.8464388 5.9305402 5.3771270 6.7143239 8.9999987 8.9999989 6.4496506 8.9999988 8.1266899 7.9775561 7.2705475 6.7418511 8.9999984 6.4128361 
Maylandia_zebra__zinc_finger_protein_648__Maylandia_zebra_                                        5.5233516 5.1217016 8.9999987 5.1585642 5.3501750 5.0148881 3.9118805 4.7181725 4.8910716 5.4293259 5.6778944 1.1749516 0.8928749 1.1212324 1.1180487 0.6558366 0.6799586 0.0096462 0.0000000 0.0245267 0.0653550 0.9997640 2.1696874 1.6347232 3.3289658 3.3389897 3.5646834 3.9210034 5.3985505 5.4748278 5.0228774 6.2047878 8.2770774 8.2696055 6.3650188 8.9999987 7.3714784 7.2339738 6.6740307 6.5439048 8.9999980 6.1676579 
Haplochromis_burtoni__PREDICTED__zinc_finger_protein_648-like__Haplochromis_burtoni_              5.9632461 5.4600239 8.9999985 5.0333364 5.2260469 4.8960885 3.7930736 4.6430811 4.8130225 5.6146344 5.4424337 1.1567273 0.8734297 1.1004835 1.0804425 0.6419371 0.6588946 0.0245238 0.0245267 0.0000000 0.0708716 0.9575616 2.1878551 1.6738691 3.2690326 3.3205305 3.4621011 3.8968069 5.7793002 5.8622017 5.3374328 6.5323518 8.9999986 8.9999989 6.4270338 8.9999989 8.0082757 8.0514051 7.1817841 6.7273351 8.9999982 5.9667823 
Oreochromis_niloticus__zinc_finger_protein_648__Oreochromis_niloticus_                            4.8950392 4.6370407 8.7934101 4.5550551 4.6800269 4.4460002 3.4770402 4.1853867 4.3213699 5.1555947 4.7165807 1.1542635 0.8287698 1.0446077 1.0677769 0.6055394 0.6549359 0.0653470 0.0653550 0.0708716 0.0000000 0.9536851 2.1139955 1.5310307 3.1222553 3.1871660 3.0244991 3.4897881 4.8435731 4.9067661 4.5680005 5.4621843 7.1503037 7.2070608 5.5857255 7.5775848 6.2979318 6.4748289 6.3265059 5.7746686 8.4167922 5.5515973 
Kryptolebias_marmoratus__zinc_finger_protein_648-like_isoform_X1__Kryptolebias_marmoratus_        4.6438085 4.8634902 8.9999981 3.6722645 3.8064152 3.6863677 3.6082243 4.2239055 5.1699627 6.4661971 5.0144343 0.9546721 0.7548638 0.8533726 1.0491551 0.7332828 0.8664297 0.9982329 0.9997640 0.9575616 0.9536851 0.0000000 2.2143721 1.6472789 3.6083397 4.6886043 3.3622193 3.9226049 4.7410948 4.6096392 4.4003555 4.8216205 5.9274674 6.7293795 5.5047770 6.1294818 5.4674823 5.1322216 5.5539063 5.0561719 5.8421174 8.7169061 
Cynoglossus_semilaevis__zinc_finger_protein_771__Cynoglossus_semilaevis_                          6.4271707 5.6925574 8.9999987 6.8411284 6.9288593 6.7287583 5.6787646 5.5769022 7.0404362 8.9999985 7.1101739 2.1993909 2.2828190 2.2893940 1.7289328 1.7006376 1.5767394 2.1199847 2.1696874 2.1878551 2.1139955 2.2143721 0.0000000 2.0334832 5.4567269 3.4273907 3.6720180 4.6845019 5.3022643 5.4347269 5.0083267 6.7697780 6.9700879 8.9999989 8.9999984 8.4632305 7.5514261 8.9999988 8.5359616 6.2015372 7.1400324 8.9999987 
Oryzias_latipes__zinc_finger_protein_648__Oryzias_latipes_                                        3.7843679 3.5137203 6.2769990 4.7094397 4.8550567 4.5057405 3.8637099 4.3749535 4.9690331 6.4303215 3.4544646 1.4614899 0.9351234 1.1171810 1.6176981 1.4618322 1.5904633 1.6424466 1.6347232 1.6738691 1.5310307 1.6472789 2.0334832 0.0000000 3.3088788 4.0705492 2.8941587 2.9136947 3.5838285 3.6241162 3.6022054 4.2791468 4.9227798 5.9169086 4.4933286 5.4091947 4.5489242 4.9359974 4.9659575 4.3130437 5.8848856 8.9999987 
Danio_rerio__zinc_finger_protein_648__Danio_rerio_                                                4.3413706 4.1620656 7.1890770 5.3860128 5.3189684 6.0190128 5.2667503 5.3597134 5.5754096 7.1863902 5.1721477 3.4133049 2.8442280 3.6969908 3.9631770 3.5571428 4.0041260 3.2766135 3.3289658 3.2690326 3.1222553 3.6083397 5.4567269 3.3088788 0.0000000 3.4033030 1.7928929 5.1525394 4.2418807 4.2446954 3.8184743 5.6452283 4.4719084 5.0761283 4.4320081 4.4066930 4.1001293 4.2925016 4.7695253 4.2690938 4.7606712 5.0326407 
Paramormyrops_kingsleyae__zinc_finger_protein_648-like__Paramormyrops_kingsleyae_                 3.1049731 2.7224434 5.0372106 3.3740988 3.5290510 3.7657912 4.1662528 3.3020496 3.6722071 6.5797370 3.2788607 3.9907898 3.2034425 3.6877628 3.5691508 3.1509357 3.2172591 3.3037135 3.3389897 3.3205305 3.1871660 4.6886043 3.4273907 4.0705492 3.4033030 0.0000000 3.6121568 4.7338830 2.8024751 2.9437869 2.7311744 2.8559308 4.2672734 3.9336780 4.0864148 3.5334132 3.8370245 3.7343484 3.4784319 3.2757418 5.5141338 5.8812509 
Astyanax_mexicanus__zinc_finger_protein_648__Astyanax_mexicanus_                                  4.7214843 4.7164143 5.9398138 4.8798735 4.9785325 5.0049397 4.8198460 4.9586550 4.8317283 8.9999984 4.7534733 2.5983941 2.1117282 2.4467237 3.3416654 3.5134412 2.8500771 3.5323951 3.5646834 3.4621011 3.0244991 3.3622193 3.6720180 2.8941587 1.7928929 3.6121568 0.0000000 3.6782708 4.6354252 4.8733623 4.0594724 4.2452003 6.6589805 7.7731042 7.0409674 6.2928702 5.0028796 4.9566819 4.5744413 4.0515526 4.4320923 6.2587321 
Lepisosteus_oculatus__PREDICTED__zinc_finger_protein_648__Lepisosteus_oculatus_                   4.3701219 3.7068101 7.5507379 4.3907504 4.3685890 4.4642696 5.3397690 4.5645173 4.7554315 8.9999987 4.1216407 4.2119759 3.8796625 3.5125734 3.7229738 5.2634737 4.0673095 3.9951717 3.9210034 3.8968069 3.4897881 3.9226049 4.6845019 2.9136947 5.1525394 4.7338830 3.6782708 0.0000000 3.8332284 4.0378504 3.8525441 4.0509290 4.4682535 3.9902985 3.8596439 4.5698562 4.8114483 4.5309534 4.5863224 3.9639959 5.3628789 6.0228992 
Homo_sapiens__zinc_finger_protein_648__Homo_sapiens_                                              0.2029872 0.0337884 3.9189761 2.7958317 2.6814330 2.7511759 3.1621562 2.4988511 2.6624794 5.0121708 3.8077362 4.7262988 3.7552393 5.2548879 4.2355050 5.3317977 5.6001712 5.8464388 5.3985505 5.7793002 4.8435731 4.7410948 5.3022643 3.5838285 4.2418807 2.8024751 4.6354252 3.8332284 0.0000000 0.0778673 0.1174070 0.5595670 0.5792374 0.6522307 0.6098544 0.6223529 0.5752598 0.7041398 0.6436897 0.6678949 0.9811118 5.6761780 
Nomascus_leucogenys__PREDICTED__zinc_finger_protein_648__Nomascus_leucogenys_                     0.2234675 0.0740151 3.7413229 2.9429531 2.8069937 2.8831684 3.3726167 2.6853154 2.6949238 4.7089073 3.8153537 4.6474162 4.1677099 5.8651566 3.9317731 5.2029057 5.1147484 5.9305402 5.4748278 5.8622017 4.9067661 4.6096392 5.4347269 3.6241162 4.2446954 2.9437869 4.8733623 4.0378504 0.0778673 0.0000000 0.1263604 0.5803119 0.6011389 0.6715309 0.6278730 0.6618100 0.6043390 0.7190131 0.6858333 0.6928723 1.0098205 5.7334552 
Piliocolobus_tephrosceles__zinc_finger_protein_648__Piliocolobus_tephrosceles_                    0.2123620 0.1219959 3.8188246 2.8039107 2.7294655 2.7600893 3.1006964 2.6765830 2.7143027 4.6826485 3.9618964 4.3628944 3.7003800 4.9862702 3.6118299 4.4714041 4.3078209 5.3771270 5.0228774 5.3374328 4.5680005 4.4003555 5.0083267 3.6022054 3.8184743 2.7311744 4.0594724 3.8525441 0.1174070 0.1263604 0.0000000 0.5868803 0.6122825 0.6793672 0.6331066 0.6541401 0.6047370 0.7373316 0.6906918 0.7099506 0.9876544 5.2014621 
Otolemur_garnettii__zinc_finger_protein_648__Otolemur_garnettii_                                  0.6424271 0.5497355 3.9922821 3.3904568 3.1590130 3.3301443 3.8489610 3.2111389 3.2542162 5.2313855 3.8180561 4.6105580 3.9062228 5.8422071 4.7069892 6.1938894 6.6664207 6.7143239 6.2047878 6.5323518 5.4621843 4.8216205 6.7697780 4.2791468 5.6452283 2.8559308 4.2452003 4.0509290 0.5595670 0.5803119 0.5868803 0.0000000 0.8305001 0.8048735 0.7839363 0.8373030 0.7363437 0.8809254 0.7774970 0.7843185 1.0796995 4.4965561 
Ursus_maritimus__PREDICTED__zinc_finger_protein_648__Ursus_maritimus_                             0.6365639 0.5549067 3.5205418 3.0431771 2.8874751 3.0223321 3.3051931 2.9186544 2.8522442 5.0670251 4.3688246 6.0707750 5.0895192 7.7947829 5.6450650 8.0406879 7.8502802 8.9999987 8.2770774 8.9999986 7.1503037 5.9274674 6.9700879 4.9227798 4.4719084 4.2672734 6.6589805 4.4682535 0.5792374 0.6011389 0.6122825 0.8305001 0.0000000 0.2361249 0.2819237 0.3212699 0.4679996 0.6635055 0.7772040 0.7590182 1.2316195 4.0591659 
Mustela_putorius_furo__PREDICTED__zinc_finger_protein_648__Mustela_putorius_furo_                 0.7159550 0.6296857 3.8419631 3.0563218 2.9083102 3.0800898 3.7641300 3.0330219 2.9608131 5.1913745 4.3471985 7.1902738 4.9064063 7.7959579 6.2050835 7.4478832 8.2305026 8.9999989 8.2696055 8.9999989 7.2070608 6.7293795 8.9999989 5.9169086 5.0761283 3.9336780 7.7731042 3.9902985 0.6522307 0.6715309 0.6793672 0.8048735 0.2361249 0.0000000 0.2999888 0.3549604 0.5121914 0.7105187 0.7996392 0.8507783 1.3205529 4.7799900 
Vulpes_vulpes__zinc_finger_protein_648__Vulpes_vulpes_                                            0.6449919 0.5944011 3.9893707 3.2362358 3.0618270 3.2455126 3.6901991 3.2924265 3.2323281 4.7546006 4.2014495 6.2357710 4.4030897 6.2324129 5.0848624 6.3099806 7.5178861 6.4496506 6.3650188 6.4270338 5.5857255 5.5047770 8.9999984 4.4933286 4.4320081 4.0864148 7.0409674 3.8596439 0.6098544 0.6278730 0.6331066 0.7839363 0.2819237 0.2999888 0.0000000 0.3377310 0.5209203 0.6741180 0.7806607 0.7773254 1.3066329 4.4951813 
Panthera_tigris_altaica__PREDICTED__zinc_finger_protein_648__Panthera_tigris_altaica_             0.6911310 0.5994072 4.2035280 3.0996797 2.9436258 3.0894897 3.5966220 2.8951306 2.9282275 5.5979711 4.5492136 6.7901983 5.2299696 8.8593032 6.0445478 8.0584600 8.9999983 8.9999988 8.9999987 8.9999989 7.5775848 6.1294818 8.4632305 5.4091947 4.4066930 3.5334132 6.2928702 4.5698562 0.6223529 0.6618100 0.6541401 0.8373030 0.3212699 0.3549604 0.3377310 0.0000000 0.5079995 0.6768302 0.7905156 0.7931167 1.1889017 4.5358427 
Equus_caballus__zinc_finger_protein_648__Equus_caballus_                                          0.6194043 0.5496747 3.7535322 3.0976980 2.9042198 2.9832510 3.7461326 2.9062649 3.0199856 5.1368730 4.0537186 5.1108448 4.6695231 6.9320284 5.6917690 6.5444405 8.3648349 8.1266899 7.3714784 8.0082757 6.2979318 5.4674823 7.5514261 4.5489242 4.1001293 3.8370245 5.0028796 4.8114483 0.5752598 0.6043390 0.6047370 0.7363437 0.4679996 0.5121914 0.5209203 0.5079995 0.0000000 0.4748074 0.8109641 0.7451059 1.0978251 5.0155145 
Bos_taurus__zinc_finger_protein_648__Bos_taurus_                                                  0.7859042 0.6924660 3.8443023 3.5347300 3.2047308 3.4792164 3.9938840 2.9755053 3.1571548 4.8073572 4.3159984 5.1124133 4.9079209 7.3170654 5.8925343 8.0956234 8.7061208 7.9775561 7.2339738 8.0514051 6.4748289 5.1322216 8.9999988 4.9359974 4.2925016 3.7343484 4.9566819 4.5309534 0.7041398 0.7190131 0.7373316 0.8809254 0.6635055 0.7105187 0.6741180 0.6768302 0.4748074 0.0000000 0.8007853 0.8614979 1.4789024 4.8929645 
Marmota_marmota_marmota__PREDICTED__zinc_finger_protein_648__Marmota_marmota_marmota_             0.7923766 0.6299740 6.1411948 3.6372660 3.3639542 3.5351129 3.9560477 3.8636450 3.7287291 7.2254016 5.2194136 6.1862578 4.5722571 5.3324891 6.0443213 7.4463927 8.3975127 7.2705475 6.6740307 7.1817841 6.3265059 5.5539063 8.5359616 4.9659575 4.7695253 3.4784319 4.5744413 4.5863224 0.6436897 0.6858333 0.6906918 0.7774970 0.7772040 0.7996392 0.7806607 0.7905156 0.8109641 0.8007853 0.0000000 0.6866588 1.0462798 7.0540360 
Castor_canadensis__zinc_finger_protein_648__Castor_canadensis_                                    0.7707380 0.6697275 4.9465130 3.4674765 3.3864206 3.4692839 4.1116102 3.4939348 3.6670156 5.8864068 4.3972880 5.7407637 4.1426691 6.1954163 5.1522424 6.0201329 6.4356932 6.7418511 6.5439048 6.7273351 5.7746686 5.0561719 6.2015372 4.3130437 4.2690938 3.2757418 4.0515526 3.9639959 0.6678949 0.6928723 0.7099506 0.7843185 0.7590182 0.8507783 0.7773254 0.7931167 0.7451059 0.8614979 0.6866588 0.0000000 1.0109043 6.9603916 
Mus_musculus__zinc_finger_protein_648__Mus_musculus_                                              1.1290480 1.0008904 4.5656926 3.6090458 3.6023537 3.6148981 3.7011219 3.7532467 3.8713876 6.4541963 6.3446533 5.3893862 6.2972891 8.9999988 4.6743061 8.9999989 8.9999988 8.9999984 8.9999980 8.9999982 8.4167922 5.8421174 7.1400324 5.8848856 4.7606712 5.5141338 4.4320923 5.3628789 0.9811118 1.0098205 0.9876544 1.0796995 1.2316195 1.3205529 1.3066329 1.1889017 1.0978251 1.4789024 1.0462798 1.0109043 0.0000000 5.5961401 
Aquila_chrysaetos_canadensis__PREDICTED__zinc_finger_protein_648__Aquila_chrysaetos_canadensis_   5.2149780 5.4348993 0.8974410 1.4845379 1.5144941 1.4935049 1.5934961 1.5262171 1.5286752 2.1443636 3.2127975 8.9999987 7.3978259 5.1211014 7.6766627 7.1052958 8.9999989 6.4128361 6.1676579 5.9667823 5.5515973 8.7169061 8.9999987 8.9999987 5.0326407 5.8812509 6.2587321 6.0228992 5.6761780 5.7334552 5.2014621 4.4965561 4.0591659 4.7799900 4.4951813 4.5358427 5.0155145 4.8929645 7.0540360 6.9603916 5.5961401 0.0000000 
