42
Callithrix_jacchus__PREDICTED__zinc_finger_protein_648__Callithrix_jacchus_                       0.0000000 0.2107368 5.1856249 6.4613912 6.2376304 6.4613912 6.6831298 5.8031371 3.3741889 4.0223759 3.3947338 5.8459388 5.1696472 7.2626587 4.9567923 3.6604125 4.1602641 5.7040588 5.7051745 5.6037424 5.0983029 6.1138244 5.8689539 4.5827810 5.1929677 2.6064748 4.3569011 3.2743151 0.2055818 0.2264337 0.2151593 0.6575306 0.6602744 0.7371452 0.6628358 0.7064140 0.6348870 0.8107030 0.8102935 0.7956709 1.1367149 3.7298388 
Pan_troglodytes__zinc_finger_protein_648__Pan_troglodytes_                                        0.2107368 0.0000000 5.2841826 5.2852018 5.1358188 5.2852018 5.4641617 5.3161216 3.2927983 3.7246141 3.2450762 6.7163362 4.7718307 7.3747686 5.6511195 4.0913284 4.4906716 6.1569673 5.9024361 6.0121690 5.2906177 6.7328226 6.3721270 4.0715033 4.6616995 3.5244893 3.9003837 2.6797529 0.0339195 0.0744585 0.1229982 0.5609137 0.5743107 0.6462647 0.6099622 0.6109698 0.5619659 0.7122977 0.6407672 0.6881845 1.0030318 3.6595882 
Apteryx_rowi__zinc_finger_protein_648__Apteryx_rowi_                                              5.1856249 5.2841826 0.0000000 4.7845639 4.8476941 4.7647243 3.0588331 5.4469073 1.2027922 2.3647936 3.5919853 5.7181784 5.1676130 5.9052466 4.5964937 6.0802830 7.0165674 7.2262743 7.1517574 6.7550659 6.1289438 6.1433264 5.0792695 4.5510588 6.5497739 3.9166758 4.0417182 4.9844227 5.4697704 5.6218946 4.5569008 4.8068663 4.9686204 5.4364270 6.0068622 6.8214135 4.6545938 4.7711036 5.0784665 6.3262034 4.1021965 1.0546473 
Terrapene_carolina_triunguis__zinc_finger_protein_648__Terrapene_carolina_triunguis_              6.4613912 5.2852018 4.7845639 0.0000000 0.0198672 0.0196115 0.4035464 0.5579199 3.3723990 6.8750165 3.9367412 5.8220228 5.3192388 5.1711014 4.0744391 3.4877734 4.1763333 4.1443956 4.1443956 3.8619363 3.4681739 3.7469254 3.8260199 4.8412792 4.8387095 2.9294926 5.6803216 2.3999199 5.2387034 5.2600445 5.4300995 3.8693356 4.4108539 4.6246866 4.9231465 3.7650729 5.6209331 2.9653735 4.3827306 2.7925007 3.0228686 3.4759290 
Chrysemys_picta_bellii__zinc_finger_protein_648__Chrysemys_picta_bellii_                          6.2376304 5.1358188 4.8476941 0.0198672 0.0000000 0.0398166 0.4063635 0.5498427 3.3836309 6.9813465 4.2059347 5.6775843 5.1407568 5.0078830 4.0053885 3.4295994 4.0999282 4.0627481 4.0627481 3.7904294 3.4109600 3.6832618 3.7610143 4.7267238 4.8387095 2.9294926 5.6803216 2.3999199 5.0904068 5.1118265 5.2759457 3.7901173 4.2940826 4.4934590 4.7632630 3.6656647 5.4467138 2.8948594 4.2627534 2.7206867 2.9573716 3.4759290 
Chelonia_mydas__zinc_finger_protein_648__Chelonia_mydas_                                          6.4613912 5.2852018 4.7647243 0.0196115 0.0398166 0.0000000 0.4315220 0.5579199 3.3694550 6.8022449 3.9296299 5.8220228 5.3192388 5.1711014 4.0744391 3.4877734 4.1763333 4.1443956 4.1443956 3.8619363 3.4681739 3.7469254 3.8260199 4.8412792 4.7171203 2.9294926 5.6803216 2.3999199 5.2387034 5.2600445 5.4300995 3.8693356 4.4108539 4.6246866 4.9231465 3.7650729 5.6209331 2.9653735 4.3827306 2.7925007 3.0228686 3.3665132 
Pelodiscus_sinensis__zinc_finger_protein_648__Pelodiscus_sinensis_                                6.6831298 5.4641617 3.0588331 0.4035464 0.4063635 0.4315220 0.0000000 1.0399954 3.8264818 4.3550557 4.8431357 4.7989823 3.7351140 4.5338295 3.8035978 3.9635890 4.7500348 4.6494683 4.6494683 4.3957215 3.8238588 4.0717329 3.4087813 3.0911907 4.6628900 2.6262789 3.5337065 2.4701612 5.4195140 5.4393132 5.4429279 4.0514755 4.8705944 4.7746630 4.9424063 4.0028744 5.9800380 4.1707042 4.8850290 3.7979944 3.8659418 3.2508013 
Alligator_sinensis__zinc_finger_protein_648__Alligator_sinensis_                                  5.8031371 5.3161216 5.4469073 0.5579199 0.5498427 0.5579199 1.0399954 0.0000000 4.4938616 8.9999990 4.3768899 5.8730096 4.5175341 4.8366527 5.0398854 3.8411384 5.0320034 4.4293739 4.4293739 4.4251040 4.0347710 5.0724618 4.7413819 4.0125589 3.8306482 4.3219496 4.4025203 2.9552180 5.2764355 5.4302540 5.2988262 4.4084297 5.6326529 4.8698965 4.9319342 4.8079552 5.6701011 4.9905344 5.0984852 4.5685532 4.3933267 4.7181133 
Crocodylus_porosus__PREDICTED__zinc_finger_protein_648_isoform_X1__Crocodylus_porosus_            3.3741889 3.2927983 1.2027922 3.3723990 3.3836309 3.3694550 3.8264818 4.4938616 0.0000000 1.7664128 2.6388658 4.0583769 4.0265143 4.9648603 4.6782180 4.6167970 5.4109294 5.5001558 5.4734442 5.3053408 4.9069311 5.1350494 5.4558629 4.4880828 4.5808186 4.8640263 4.0503713 3.7196695 3.2162218 3.4332075 3.3055771 3.3761154 3.5530956 3.5184998 4.1353762 3.7604443 3.8378454 3.6934030 4.0244062 3.7434926 3.2717904 1.5599168 
Rhinatrema_bivittatum__zinc_finger_protein_648__Rhinatrema_bivittatum_                            4.0223759 3.7246141 2.3647936 6.8750165 6.9813465 6.8022449 4.3550557 8.9999990 1.7664128 0.0000000 2.9309693 4.3806873 5.3392586 5.2688332 5.8054257 5.0145281 5.7821426 5.7267739 5.5505748 5.6414730 5.7448943 6.6865667 6.3209077 4.4600414 4.3534876 5.3213075 3.7559459 4.0693940 3.6551164 3.9362816 3.7441361 3.8621643 4.4463555 4.6386638 4.5276820 4.4160564 3.7816719 3.9568456 4.6770814 3.6959713 3.1976291 2.5464577 
Latimeria_chalumnae__PREDICTED__zinc_finger_protein_648-like__Latimeria_chalumnae_                3.3947338 3.2450762 3.5919853 3.9367412 4.2059347 3.9296299 4.8431357 4.3768899 2.6388658 2.9309693 0.0000000 4.2766628 3.5443304 4.7054950 4.5942871 4.3120900 4.8503981 5.5231962 5.4142874 5.2804872 5.1071025 4.6906230 5.3073419 3.8120157 4.3238680 3.4249725 4.2118975 3.2585987 3.3320036 3.5342863 3.3155279 3.4853604 3.8456706 3.6286119 3.8125432 3.9937487 4.0164619 3.4356428 3.8218811 3.9366332 3.4069510 3.5360146 
Poecilia_reticulata__PREDICTED__oocyte_zinc_finger_protein_XlCOF22-like__Poecilia_reticulata_     5.8459388 6.7163362 5.7181784 5.8220228 5.6775843 5.8220228 4.7989823 5.8730096 4.0583769 4.3806873 4.2766628 0.0000000 0.3409261 0.4535348 1.2018711 0.8733832 1.0650846 1.2279089 1.2291604 1.2104250 1.2208940 0.9591664 2.1295685 1.4352368 3.6160961 4.6288912 3.3727828 3.3758841 6.5478773 7.5701513 8.2202288 5.4852490 5.8341897 6.7661666 5.9293464 5.3060792 6.4580056 6.6505050 8.3172020 6.0260395 4.6755513 4.5489146 
Fundulus_heteroclitus__gastrula_zinc_finger_protein_XlCGF52.1__Fundulus_heteroclitus_             5.1696472 4.7718307 5.1676130 5.3192388 5.1407568 5.3192388 3.7351140 4.5175341 4.0265143 5.3392586 3.5443304 0.3409261 0.0000000 0.5056815 1.1369682 0.7599133 0.7815906 0.9282874 0.9305462 0.9098941 0.8775812 0.7873449 2.0564676 1.0004245 3.0623769 4.2739167 2.4434336 3.6491187 4.5690222 6.2626814 5.8431355 4.6234061 5.6408569 6.7872272 5.3802540 5.4580604 5.6626956 5.9909625 8.9999989 5.5700437 4.8347696 4.5622730 
Cyprinodon_variegatus__PREDICTED__zinc_finger_protein_648-like_isoform_X1__Cyprinodon_variegatus_ 7.2626587 7.3747686 5.9052466 5.1711014 5.0078830 5.1711014 4.5338295 4.8366527 4.9648603 5.2688332 4.7054950 0.4535348 0.5056815 0.0000000 1.2596508 0.9115505 1.0911434 1.1629237 1.1647435 1.1426323 1.0966352 0.9026440 2.1257228 1.3246810 5.2833631 8.9999987 3.5248119 4.4130166 7.1536076 8.9999988 8.9772150 5.6236138 6.7107410 8.9999990 7.2371398 7.2149264 8.4657447 6.4961160 8.9999986 6.8169159 5.9811982 5.5886860 
Anabas_testudineus__zinc_finger_protein_648-like__Anabas_testudineus_                             4.9567923 5.6511195 4.5964937 4.0744391 4.0053885 4.0744391 3.8035978 5.0398854 4.6782180 5.8054257 4.5942871 1.2018711 1.1369682 1.2596508 0.0000000 0.7607083 0.7206689 1.1634391 1.1866244 1.1376049 1.1469359 1.1064295 1.7895946 1.4354951 4.3679727 3.1008224 3.9729678 4.1247542 5.8352664 6.0607904 6.1913674 4.6768644 5.0492058 7.3856086 5.6135902 6.1595582 6.1141456 7.0125027 6.2791744 5.7868193 4.6092242 5.8859903 
Stegastes_partitus__PREDICTED__zinc_finger_protein_648__Stegastes_partitus_                       3.6604125 4.0913284 6.0802830 3.4877734 3.4295994 3.4877734 3.9635890 3.8411384 4.6167970 5.0145281 4.3120900 0.8733832 0.7599133 0.9115505 0.7607083 0.0000000 0.2621141 0.6484236 0.6482173 0.6341367 0.6063905 0.7522438 1.6020507 1.3717959 3.8627605 3.3380151 3.4234492 4.2021123 4.0907232 4.4005072 4.0992588 3.7812536 4.1242782 4.7592620 4.1829364 4.3584542 4.0232625 4.9757016 4.9813718 4.2854939 3.7171670 6.3119683 
Acanthochromis_polyacanthus__zinc_finger_protein_648-like__Acanthochromis_polyacanthus_           4.1602641 4.4906716 7.0165674 4.1763333 4.0999282 4.1763333 4.7500348 5.0320034 5.4109294 5.7821426 4.8503981 1.0650846 0.7815906 1.0911434 0.7206689 0.2621141 0.0000000 0.6969506 0.6965715 0.6745710 0.6838222 0.9015528 1.5495960 1.3702066 4.2181810 2.7785658 3.1289027 3.0807447 4.5004034 5.0759374 4.5225120 3.8781795 4.7660900 5.1593630 4.4531053 4.9298714 4.3108187 5.0406412 5.1520715 4.0018683 3.7416897 7.0306388 
Pundamilia_nyererei__PREDICTED__zinc_finger_protein_648-like__Pundamilia_nyererei_                5.7040588 6.1569673 7.2262743 4.1443956 4.0627481 4.1443956 4.6494683 4.4293739 5.5001558 5.7267739 5.5231962 1.2279089 0.9282874 1.1629237 1.1634391 0.6484236 0.6969506 0.0000000 0.0096983 0.0246782 0.0657766 1.0316956 2.3294614 1.5639727 4.4471562 4.1857704 3.4727452 4.7323948 6.3942304 6.8584256 5.8761841 5.4960797 5.4436683 6.0970667 5.3313481 5.5397840 5.6061449 6.7463645 6.8631638 6.4467078 5.0090638 6.7988282 
Maylandia_zebra__zinc_finger_protein_648__Maylandia_zebra_                                        5.7051745 5.9024361 7.1517574 4.1443956 4.0627481 4.1443956 4.6494683 4.4293739 5.4734442 5.5505748 5.4142874 1.2291604 0.9305462 1.1647435 1.1866244 0.6482173 0.6965715 0.0096983 0.0000000 0.0246841 0.0657924 1.0332201 2.3266260 1.5233065 4.3733767 4.1456287 3.4588497 4.5994664 6.1238790 6.5779889 5.7758868 5.2751793 5.4945245 5.8701163 5.1417367 5.3493400 5.3776231 6.5500514 6.5377369 6.1581493 4.7460518 6.5755119 
Haplochromis_burtoni__PREDICTED__zinc_finger_protein_648-like__Haplochromis_burtoni_              5.6037424 6.0121690 6.7550659 3.8619363 3.7904294 3.8619363 4.3957215 4.4251040 5.3053408 5.6414730 5.2804872 1.2104250 0.9098941 1.1426323 1.1376049 0.6341367 0.6745710 0.0246782 0.0246841 0.0000000 0.0713767 0.9885569 2.3587996 1.5391977 4.3399243 3.9171752 3.4449943 4.5419504 6.2417310 6.7025190 5.8072346 5.3630465 5.5802841 5.9234775 5.2272272 5.4294455 5.4730167 6.5839903 6.6283202 6.3637012 4.7901606 6.4347164 
Oreochromis_niloticus__zinc_finger_protein_648__Oreochromis_niloticus_                            5.0983029 5.2906177 6.1289438 3.4681739 3.4109600 3.4681739 3.8238588 4.0347710 4.9069311 5.7448943 5.1071025 1.2208940 0.8775812 1.0966352 1.1469359 0.6063905 0.6838222 0.0657766 0.0657924 0.0713767 0.0000000 0.9968529 2.3144739 1.4327628 4.1974486 3.6232582 3.1614807 4.0258004 5.4413353 5.7896194 5.1269933 5.0315365 5.3667915 5.7769266 4.9438701 5.2959958 5.2357640 6.3559279 5.8442539 5.5656452 4.3878151 5.2131001 
Kryptolebias_marmoratus__zinc_finger_protein_648-like_isoform_X1__Kryptolebias_marmoratus_        6.1138244 6.7328226 6.1433264 3.7469254 3.6832618 3.7469254 4.0717329 5.0724618 5.1350494 6.6865667 4.6906230 0.9591664 0.7873449 0.9026440 1.1064295 0.7522438 0.9015528 1.0316956 1.0332201 0.9885569 0.9968529 0.0000000 2.2597795 1.3489549 4.7956558 3.5020687 4.6983714 3.6361959 6.0775193 6.3176611 5.7752142 5.5101596 6.9361790 7.8653087 6.0977131 6.5179842 8.9999987 8.8116125 7.7362212 6.6629826 5.9395878 5.4338921 
Cynoglossus_semilaevis__zinc_finger_protein_771__Cynoglossus_semilaevis_                          5.8689539 6.3721270 5.0792695 3.8260199 3.7610143 3.8260199 3.4087813 4.7413819 5.4558629 6.3209077 5.3073419 2.1295685 2.0564676 2.1257228 1.7895946 1.6020507 1.5495960 2.3294614 2.3266260 2.3587996 2.3144739 2.2597795 0.0000000 1.9515238 6.8771501 2.4478571 4.4102769 3.9717186 5.9558578 6.6139324 5.7909126 5.1208479 6.1554002 7.4419330 5.5662477 6.9153713 5.7659344 6.3380162 7.2234974 6.0856663 5.9448629 5.8443037 
Oryzias_latipes__zinc_finger_protein_648__Oryzias_latipes_                                        4.5827810 4.0715033 4.5510588 4.8412792 4.7267238 4.8412792 3.0911907 4.0125589 4.4880828 4.4600414 3.8120157 1.4352368 1.0004245 1.3246810 1.4354951 1.3717959 1.3702066 1.5639727 1.5233065 1.5391977 1.4327628 1.3489549 1.9515238 0.0000000 3.3356624 2.4985632 3.1612281 2.2884227 4.1380155 4.8919365 4.6326638 3.8226821 4.7132556 5.0509582 4.2847801 4.6274908 4.3839411 5.0694191 4.9756609 4.6636672 3.8346401 3.5790584 
Danio_rerio__zinc_finger_protein_648__Danio_rerio_                                                5.1929677 4.6616995 6.5497739 4.8387095 4.8387095 4.7171203 4.6628900 3.8306482 4.5808186 4.3534876 4.3238680 3.6160961 3.0623769 5.2833631 4.3679727 3.8627605 4.2181810 4.4471562 4.3733767 4.3399243 4.1974486 4.7956558 6.8771501 3.3356624 0.0000000 3.7503409 2.2034307 3.8921810 5.1944253 5.8303978 4.6107319 5.7918672 5.6767192 5.2253806 5.5845931 5.3413857 5.9788516 5.8169033 5.7703353 4.8506270 6.5614970 4.7667819 
Paramormyrops_kingsleyae__zinc_finger_protein_648-like__Paramormyrops_kingsleyae_                 2.6064748 3.5244893 3.9166758 2.9294926 2.9294926 2.9294926 2.6262789 4.3219496 4.8640263 5.3213075 3.4249725 4.6288912 4.2739167 8.9999987 3.1008224 3.3380151 2.7785658 4.1857704 4.1456287 3.9171752 3.6232582 3.5020687 2.4478571 2.4985632 3.7503409 0.0000000 2.9228302 3.1521378 3.5309114 3.3480388 3.3711971 2.5397645 3.7959377 3.2079763 2.8456354 3.5532714 2.9907007 3.2021724 3.2732885 3.6459429 2.4791267 4.2547499 
Astyanax_mexicanus__zinc_finger_protein_648__Astyanax_mexicanus_                                  4.3569011 3.9003837 4.0417182 5.6803216 5.6803216 5.6803216 3.5337065 4.4025203 4.0503713 3.7559459 4.2118975 3.3727828 2.4434336 3.5248119 3.9729678 3.4234492 3.1289027 3.4727452 3.4588497 3.4449943 3.1614807 4.6983714 4.4102769 3.1612281 2.2034307 2.9228302 0.0000000 3.7950366 4.3179404 4.1881599 3.8993334 3.6850623 4.5339575 4.3911216 4.0722229 3.9721271 3.6622632 3.9278536 4.4996065 4.0828940 4.6787535 3.3910068 
Lepisosteus_oculatus__PREDICTED__zinc_finger_protein_648__Lepisosteus_oculatus_                   3.2743151 2.6797529 4.9844227 2.3999199 2.3999199 2.3999199 2.4701612 2.9552180 3.7196695 4.0693940 3.2585987 3.3758841 3.6491187 4.4130166 4.1247542 4.2021123 3.0807447 4.7323948 4.5994664 4.5419504 4.0258004 3.6361959 3.9717186 2.2884227 3.8921810 3.1521378 3.7950366 0.0000000 2.6026639 2.7077248 3.0762013 2.8395382 2.9605249 2.8443372 2.5462976 2.9878292 2.6337757 3.0464281 2.6984854 2.7382333 3.7890254 4.2719810 
Homo_sapiens__zinc_finger_protein_648__Homo_sapiens_                                              0.2055818 0.0339195 5.4697704 5.2387034 5.0904068 5.2387034 5.4195140 5.2764355 3.2162218 3.6551164 3.3320036 6.5478773 4.5690222 7.1536076 5.8352664 4.0907232 4.5004034 6.3942304 6.1238790 6.2417310 5.4413353 6.0775193 5.9558578 4.1380155 5.1944253 3.5309114 4.3179404 2.6026639 0.0000000 0.0783231 0.1183505 0.5711358 0.5997587 0.6697790 0.6260995 0.6344751 0.5884906 0.7250769 0.6554195 0.6865133 0.9828952 3.6442184 
Nomascus_leucogenys__PREDICTED__zinc_finger_protein_648__Nomascus_leucogenys_                     0.2264337 0.0744585 5.6218946 5.2600445 5.1118265 5.2600445 5.4393132 5.4302540 3.4332075 3.9362816 3.5342863 7.5701513 6.2626814 8.9999988 6.0607904 4.4005072 5.0759374 6.8584256 6.5779889 6.7025190 5.7896194 6.3176611 6.6139324 4.8919365 5.8303978 3.3480388 4.1881599 2.7077248 0.0783231 0.0000000 0.1273936 0.5925869 0.6222851 0.6896927 0.6444441 0.6752001 0.6184755 0.7399879 0.6990515 0.7117088 1.0117040 3.7810204 
Piliocolobus_tephrosceles__zinc_finger_protein_648__Piliocolobus_tephrosceles_                    0.2151593 0.1229982 4.5569008 5.4300995 5.2759457 5.4300995 5.4429279 5.2988262 3.3055771 3.7441361 3.3155279 8.2202288 5.8431355 8.9772150 6.1913674 4.0992588 4.5225120 5.8761841 5.7758868 5.8072346 5.1269933 5.7752142 5.7909126 4.6326638 4.6107319 3.3711971 3.8993334 3.0762013 0.1183505 0.1273936 0.0000000 0.6000567 0.6333946 0.6959380 0.6478743 0.6672532 0.6192878 0.7589724 0.7043210 0.7301717 0.9904091 3.1271213 
Otolemur_garnettii__zinc_finger_protein_648__Otolemur_garnettii_                                  0.6575306 0.5609137 4.8068663 3.8693356 3.7901173 3.8693356 4.0514755 4.4084297 3.3761154 3.8621643 3.4853604 5.4852490 4.6234061 5.6236138 4.6768644 3.7812536 3.8781795 5.4960797 5.2751793 5.3630465 5.0315365 5.5101596 5.1208479 3.8226821 5.7918672 2.5397645 3.6850623 2.8395382 0.5711358 0.5925869 0.6000567 0.0000000 0.8479984 0.8415682 0.8190052 0.8616980 0.7554301 0.9069507 0.7884478 0.8074303 1.0890241 4.0611937 
Ursus_maritimus__PREDICTED__zinc_finger_protein_648__Ursus_maritimus_                             0.6602744 0.5743107 4.9686204 4.4108539 4.2940826 4.4108539 4.8705944 5.6326529 3.5530956 4.4463555 3.8456706 5.8341897 5.6408569 6.7107410 5.0492058 4.1242782 4.7660900 5.4436683 5.4945245 5.5802841 5.3667915 6.9361790 6.1554002 4.7132556 5.6767192 3.7959377 4.5339575 2.9605249 0.5997587 0.6222851 0.6333946 0.8479984 0.0000000 0.2385727 0.2850262 0.3255502 0.4774036 0.6691411 0.7764537 0.7736473 1.2508783 4.0031909 
Mustela_putorius_furo__PREDICTED__zinc_finger_protein_648__Mustela_putorius_furo_                 0.7371452 0.6462647 5.4364270 4.6246866 4.4934590 4.6246866 4.7746630 4.8698965 3.5184998 4.6386638 3.6286119 6.7661666 6.7872272 8.9999990 7.3856086 4.7592620 5.1593630 6.0970667 5.8701163 5.9234775 5.7769266 7.8653087 7.4419330 5.0509582 5.2253806 3.2079763 4.3911216 2.8443372 0.6697790 0.6896927 0.6959380 0.8415682 0.2385727 0.0000000 0.3031815 0.3597849 0.5309279 0.7367099 0.8159841 0.8859813 1.3549768 4.6067243 
Vulpes_vulpes__zinc_finger_protein_648__Vulpes_vulpes_                                            0.6628358 0.6099622 6.0068622 4.9231465 4.7632630 4.9231465 4.9424063 4.9319342 4.1353762 4.5276820 3.8125432 5.9293464 5.3802540 7.2371398 5.6135902 4.1829364 4.4531053 5.3313481 5.1417367 5.2272272 4.9438701 6.0977131 5.5662477 4.2847801 5.5845931 2.8456354 4.0722229 2.5462976 0.6260995 0.6444441 0.6478743 0.8190052 0.2850262 0.3031815 0.0000000 0.3423452 0.5400805 0.6989959 0.7976934 0.8083465 1.3833285 4.0605476 
Panthera_tigris_altaica__PREDICTED__zinc_finger_protein_648__Panthera_tigris_altaica_             0.7064140 0.6109698 6.8214135 3.7650729 3.6656647 3.7650729 4.0028744 4.8079552 3.7604443 4.4160564 3.9937487 5.3060792 5.4580604 7.2149264 6.1595582 4.3584542 4.9298714 5.5397840 5.3493400 5.4294455 5.2959958 6.5179842 6.9153713 4.6274908 5.3413857 3.5532714 3.9721271 2.9878292 0.6344751 0.6752001 0.6672532 0.8616980 0.3255502 0.3597849 0.3423452 0.0000000 0.5180184 0.6982331 0.8269489 0.8291853 1.2280762 4.0232236 
Equus_caballus__zinc_finger_protein_648__Equus_caballus_                                          0.6348870 0.5619659 4.6545938 5.6209331 5.4467138 5.6209331 5.9800380 5.6701011 3.8378454 3.7816719 4.0164619 6.4580056 5.6626956 8.4657447 6.1141456 4.0232625 4.3108187 5.6061449 5.3776231 5.4730167 5.2357640 8.9999987 5.7659344 4.3839411 5.9788516 2.9907007 3.6622632 2.6337757 0.5884906 0.6184755 0.6192878 0.7554301 0.4774036 0.5309279 0.5400805 0.5180184 0.0000000 0.4841605 0.8244753 0.7665550 1.1231326 3.8447662 
Bos_taurus__zinc_finger_protein_648__Bos_taurus_                                                  0.8107030 0.7122977 4.7711036 2.9653735 2.8948594 2.9653735 4.1707042 4.9905344 3.6934030 3.9568456 3.4356428 6.6505050 5.9909625 6.4961160 7.0125027 4.9757016 5.0406412 6.7463645 6.5500514 6.5839903 6.3559279 8.8116125 6.3380162 5.0694191 5.8169033 3.2021724 3.9278536 3.0464281 0.7250769 0.7399879 0.7589724 0.9069507 0.6691411 0.7367099 0.6989959 0.6982331 0.4841605 0.0000000 0.8144843 0.8897013 1.4595355 4.4625919 
Marmota_marmota_marmota__PREDICTED__zinc_finger_protein_648__Marmota_marmota_marmota_             0.8102935 0.6407672 5.0784665 4.3827306 4.2627534 4.3827306 4.8850290 5.0984852 4.0244062 4.6770814 3.8218811 8.3172020 8.9999989 8.9999986 6.2791744 4.9813718 5.1520715 6.8631638 6.5377369 6.6283202 5.8442539 7.7362212 7.2234974 4.9756609 5.7703353 3.2732885 4.4996065 2.6984854 0.6554195 0.6990515 0.7043210 0.7884478 0.7764537 0.8159841 0.7976934 0.8269489 0.8244753 0.8144843 0.0000000 0.6937670 1.0916418 4.3657902 
Castor_canadensis__zinc_finger_protein_648__Castor_canadensis_                                    0.7956709 0.6881845 6.3262034 2.7925007 2.7206867 2.7925007 3.7979944 4.5685532 3.7434926 3.6959713 3.9366332 6.0260395 5.5700437 6.8169159 5.7868193 4.2854939 4.0018683 6.4467078 6.1581493 6.3637012 5.5656452 6.6629826 6.0856663 4.6636672 4.8506270 3.6459429 4.0828940 2.7382333 0.6865133 0.7117088 0.7301717 0.8074303 0.7736473 0.8859813 0.8083465 0.8291853 0.7665550 0.8897013 0.6937670 0.0000000 0.9869529 4.9786460 
Mus_musculus__zinc_finger_protein_648__Mus_musculus_                                              1.1367149 1.0030318 4.1021965 3.0228686 2.9573716 3.0228686 3.8659418 4.3933267 3.2717904 3.1976291 3.4069510 4.6755513 4.8347696 5.9811982 4.6092242 3.7171670 3.7416897 5.0090638 4.7460518 4.7901606 4.3878151 5.9395878 5.9448629 3.8346401 6.5614970 2.4791267 4.6787535 3.7890254 0.9828952 1.0117040 0.9904091 1.0890241 1.2508783 1.3549768 1.3833285 1.2280762 1.1231326 1.4595355 1.0916418 0.9869529 0.0000000 3.4396526 
Aquila_chrysaetos_canadensis__PREDICTED__zinc_finger_protein_648__Aquila_chrysaetos_canadensis_   3.7298388 3.6595882 1.0546473 3.4759290 3.4759290 3.3665132 3.2508013 4.7181133 1.5599168 2.5464577 3.5360146 4.5489146 4.5622730 5.5886860 5.8859903 6.3119683 7.0306388 6.7988282 6.5755119 6.4347164 5.2131001 5.4338921 5.8443037 3.5790584 4.7667819 4.2547499 3.3910068 4.2719810 3.6442184 3.7810204 3.1271213 4.0611937 4.0031909 4.6067243 4.0605476 4.0232236 3.8447662 4.4625919 4.3657902 4.9786460 3.4396526 0.0000000 
